3.876279
3.827068
3.888396
3.885363
3.967892
3.918791
3.920661
3.924964
3.908188
3.863448
3.870592
3.920606
3.407729
3.783914
3.822666
3.942148
3.857088
3.739836
3.871864
3.928015
3.928232
3.927656
3.864332
3.866822
3.941906
3.767129
3.880119
3.914732
3.89681
3.932303
3.860986
3.920022
3.846268
3.923599
3.924817
3.950638
3.914239
3.916419
3.957773
3.906879
3.922943
3.937014
3.888512
3.869975
3.86658
3.844269
3.815419
3.957671
3.788086
3.829197
3.783339
3.958758
3.66578
3.872427
3.89915
3.910241
3.89074
3.845539
3.99076
3.877538
3.88475
3.940741
3.913534
3.896428
3.911452
3.927121
3.874438
3.838381
3.846874
3.944928
3.827949
3.966156
3.971051
3.875779
3.882748
3.915035
3.960318
3.923979
3.890446
3.850701
3.940114
3.85768
3.905245
3.857152
3.975739
3.88876
3.94345
3.921128
3.885574
3.943852
3.885152
3.869103
3.864372
3.927843
3.92704
3.926786
3.847398
3.821333
3.90906
3.96512
