1.999784000000000006e+00 2.352611000000000008e+00 2.408314999999999984e+00 2.731113999999999820e+00 2.730821000000000165e+00 2.837810000000000166e+00 2.838214999999999932e+00 2.827364000000000210e+00 2.846051999999999804e+00 2.856921999999999962e+00 2.941192000000000029e+00 3.037066999999999961e+00 3.256968999999999781e+00 3.324467999999999979e+00 3.303819999999999979e+00 3.343445000000000000e+00 3.305323000000000011e+00 3.313562000000000118e+00 3.304532000000000025e+00 3.327748000000000150e+00 3.363408999999999871e+00
2.129796999999999940e+00 2.406241000000000074e+00 2.485930999999999891e+00 2.520486000000000004e+00 2.701729999999999965e+00 2.800501999999999825e+00 2.891262999999999916e+00 2.935977999999999977e+00 3.017039000000000026e+00 3.045650000000000190e+00 3.078225999999999907e+00 3.065354000000000134e+00 3.055358000000000018e+00 3.096188000000000162e+00 3.067559000000000147e+00 3.111400000000000166e+00 3.113246999999999876e+00 3.081625999999999976e+00 3.103089000000000208e+00 3.098488999999999827e+00 3.133821999999999885e+00
2.180235000000000145e+00 2.372914000000000190e+00 2.488329999999999931e+00 2.654974000000000167e+00 2.921875000000000000e+00 2.917049000000000003e+00 2.940821999999999825e+00 2.931210999999999789e+00 2.925877999999999979e+00 2.913424000000000014e+00 3.006448999999999927e+00 3.032904999999999962e+00 3.016672999999999938e+00 3.077887000000000040e+00 3.059140999999999888e+00 3.200594999999999857e+00 3.211676999999999893e+00 3.186023000000000049e+00 3.229188000000000169e+00 3.211806999999999856e+00 3.215368999999999922e+00
2.091476999999999808e+00 2.312234999999999818e+00 2.413962999999999859e+00 2.630027999999999810e+00 2.643521999999999927e+00 2.671508000000000216e+00 2.675472000000000072e+00 2.669515999999999778e+00 2.665866999999999987e+00 2.854763000000000162e+00 2.985895000000000188e+00 2.999791999999999792e+00 2.969993999999999801e+00 2.989422999999999941e+00 2.978148000000000017e+00 2.985752999999999879e+00 3.048087999999999909e+00 3.131466999999999778e+00 3.141780999999999935e+00 3.181337000000000081e+00 3.216450000000000031e+00
1.962895999999999974e+00 2.168899000000000132e+00 2.165903999999999829e+00 2.434044000000000096e+00 2.573030999999999846e+00 2.702970000000000095e+00 2.720725999999999978e+00 2.759300999999999782e+00 2.775529999999999831e+00 2.982760999999999996e+00 2.980167999999999928e+00 3.075136000000000092e+00 3.088630999999999904e+00 3.072373999999999938e+00 3.061280000000000001e+00 3.079260000000000108e+00 3.065564999999999873e+00 3.090142999999999862e+00 3.107143000000000210e+00 3.165439000000000114e+00 3.187926000000000037e+00
2.280693999999999999e+00 2.442915000000000170e+00 2.580264000000000113e+00 2.580008999999999997e+00 2.643549000000000149e+00 2.944269999999999943e+00 2.917021000000000086e+00 2.916656999999999833e+00 3.113230000000000164e+00 3.096928999999999821e+00 3.086631999999999820e+00 3.106081999999999788e+00 3.094146999999999981e+00 3.092108000000000079e+00 3.068840999999999930e+00 3.073986999999999803e+00 3.069320999999999966e+00 3.102791999999999994e+00 3.104779999999999873e+00 3.063086999999999893e+00 3.120699999999999807e+00
2.262306000000000150e+00 2.432913000000000103e+00 2.474892999999999788e+00 2.588773000000000213e+00 2.721811999999999898e+00 2.727876000000000190e+00 2.899354999999999905e+00 2.948799000000000170e+00 3.032443999999999917e+00 3.043670000000000098e+00 3.078616999999999937e+00 3.152575999999999823e+00 3.153118000000000087e+00 3.308435999999999932e+00 3.414118000000000208e+00 3.437840000000000007e+00 3.449053999999999842e+00 3.411262999999999934e+00 3.435563999999999840e+00 3.434159999999999879e+00 3.464624000000000148e+00
1.944380999999999915e+00 2.486574000000000062e+00 2.608067000000000135e+00 2.659192000000000000e+00 2.719580999999999804e+00 2.840418999999999805e+00 3.045889999999999986e+00 3.009132999999999836e+00 3.007576999999999945e+00 3.028214999999999879e+00 3.070063999999999904e+00 3.184115999999999946e+00 3.201543000000000028e+00 3.202646000000000104e+00 3.274144999999999861e+00 3.296885000000000066e+00 3.380090000000000039e+00 3.387268999999999863e+00 3.377628000000000075e+00 3.414779999999999927e+00 3.417072999999999805e+00
2.188102999999999909e+00 2.373705000000000176e+00 2.391413000000000011e+00 2.440643000000000118e+00 2.466274999999999995e+00 2.466966000000000214e+00 2.493346999999999980e+00 2.556283000000000083e+00 2.561771999999999938e+00 2.712488000000000010e+00 2.741897999999999946e+00 2.820231999999999850e+00 2.833165999999999851e+00 2.838836000000000137e+00 2.847844999999999960e+00 2.931583999999999968e+00 2.987840999999999969e+00 2.976100000000000190e+00 2.971913999999999945e+00 2.967471999999999888e+00 2.976316000000000184e+00
2.126959999999999962e+00 2.553045000000000009e+00 2.600515999999999828e+00 2.667539999999999800e+00 2.675151000000000057e+00 2.664146999999999821e+00 2.690603999999999996e+00 2.746446000000000165e+00 2.766312000000000104e+00 2.754573999999999856e+00 2.866016000000000119e+00 2.863516999999999868e+00 2.955458000000000141e+00 3.010784999999999823e+00 3.099279000000000117e+00 3.211552000000000184e+00 3.221604000000000134e+00 3.289079000000000086e+00 3.287174999999999958e+00 3.402824999999999989e+00 3.416802000000000117e+00
2.249287999999999954e+00 2.327182000000000084e+00 2.372113000000000138e+00 2.706790999999999947e+00 2.696260999999999797e+00 2.709760999999999864e+00 2.710601000000000038e+00 2.832285999999999859e+00 2.966428000000000065e+00 2.997662000000000049e+00 3.116357999999999961e+00 3.100871999999999851e+00 3.113169000000000075e+00 3.122227000000000086e+00 3.138705999999999996e+00 3.180467999999999851e+00 3.150510000000000144e+00 3.194916999999999785e+00 3.328087000000000018e+00 3.424989000000000061e+00 3.543441000000000063e+00
2.197347999999999857e+00 2.469786000000000037e+00 2.500966000000000022e+00 2.541037000000000212e+00 2.736187999999999843e+00 2.742709000000000064e+00 2.849616999999999845e+00 2.874573999999999963e+00 2.862391000000000130e+00 2.942941999999999947e+00 2.941009999999999902e+00 2.994343000000000199e+00 2.997184999999999988e+00 3.224591999999999903e+00 3.224371000000000098e+00 3.241928999999999839e+00 3.300098000000000198e+00 3.313359999999999861e+00 3.318884000000000167e+00 3.347611000000000114e+00 3.334249999999999936e+00
2.158185000000000020e+00 2.175177000000000138e+00 2.281543000000000099e+00 2.351522000000000112e+00 2.473027999999999782e+00 2.592373999999999956e+00 2.622012999999999927e+00 2.621840000000000170e+00 2.607812000000000019e+00 2.632518000000000136e+00 2.611491000000000007e+00 2.612054000000000098e+00 2.650724999999999998e+00 2.669700999999999880e+00 2.730245000000000033e+00 2.756928999999999963e+00 2.733581000000000039e+00 2.732816999999999830e+00 2.712219000000000158e+00 2.746760999999999786e+00 2.740263000000000115e+00
1.960962000000000094e+00 2.370337000000000138e+00 2.425812000000000079e+00 2.466826999999999881e+00 2.504052999999999862e+00 2.538459000000000021e+00 2.731288999999999856e+00 2.716321999999999903e+00 2.758030000000000204e+00 2.781807999999999836e+00 2.772091000000000083e+00 2.929361999999999799e+00 2.956834000000000184e+00 2.942128999999999994e+00 2.931960999999999817e+00 2.936244999999999994e+00 2.941676000000000180e+00 3.022159999999999958e+00 3.077322000000000113e+00 3.148353000000000179e+00 3.127015000000000100e+00
2.265671000000000213e+00 2.325587000000000071e+00 2.424300999999999817e+00 2.609837999999999880e+00 2.730246000000000173e+00 2.805663000000000018e+00 2.909378999999999937e+00 2.908701999999999899e+00 2.920776000000000039e+00 2.885766999999999971e+00 2.916895999999999933e+00 2.926276000000000099e+00 2.917498000000000147e+00 2.913254999999999928e+00 2.890219000000000094e+00 2.924469999999999903e+00 3.013325000000000031e+00 3.016106999999999871e+00 2.997440000000000104e+00 3.096511000000000013e+00 3.125039999999999818e+00
2.029580999999999857e+00 2.433422000000000196e+00 2.628082000000000029e+00 2.711151999999999784e+00 2.740946999999999800e+00 2.744126000000000065e+00 2.742307999999999968e+00 2.826302999999999788e+00 2.814617999999999842e+00 2.823773999999999784e+00 2.870616000000000057e+00 2.898123000000000005e+00 2.903221999999999969e+00 2.998512999999999984e+00 3.097551000000000165e+00 3.215892999999999891e+00 3.307787999999999951e+00 3.327017999999999809e+00 3.295757000000000048e+00 3.309684999999999988e+00 3.296438999999999897e+00
2.058917000000000108e+00 2.315533999999999981e+00 2.513832999999999984e+00 2.653395000000000170e+00 2.676117000000000079e+00 2.676051999999999875e+00 2.661957000000000129e+00 2.782605000000000217e+00 2.972318000000000016e+00 3.077113999999999905e+00 3.162081000000000142e+00 3.305105999999999877e+00 3.338823000000000096e+00 3.341404999999999959e+00 3.387417999999999818e+00 3.339471000000000078e+00 3.380342999999999876e+00 3.383363999999999816e+00 3.456055999999999795e+00 3.493075999999999848e+00 3.524093000000000142e+00
2.214630000000000098e+00 2.399478000000000222e+00 2.655933000000000099e+00 2.716920000000000002e+00 2.733586999999999989e+00 2.717690000000000161e+00 2.729995000000000172e+00 2.720690999999999971e+00 2.722968999999999973e+00 2.749169000000000196e+00 2.836257999999999946e+00 2.847221999999999920e+00 2.960659999999999847e+00 3.010854999999999837e+00 3.041002999999999901e+00 3.019216999999999818e+00 3.004159000000000024e+00 3.012268000000000168e+00 3.031982999999999873e+00 3.089230999999999838e+00 3.130739000000000161e+00
2.013761000000000134e+00 2.358735999999999944e+00 2.443525999999999865e+00 2.573494000000000170e+00 2.646624999999999783e+00 2.728629000000000193e+00 2.814560999999999868e+00 2.943744999999999834e+00 2.968570999999999849e+00 2.965600999999999932e+00 2.988757000000000108e+00 2.991365000000000052e+00 3.059959000000000096e+00 3.160156999999999883e+00 3.257136000000000031e+00 3.256724999999999870e+00 3.224279999999999813e+00 3.252247999999999806e+00 3.254731000000000041e+00 3.246717999999999993e+00 3.254090999999999845e+00
2.191025999999999918e+00 2.549284000000000106e+00 2.694695999999999980e+00 2.746021999999999963e+00 2.747516000000000069e+00 2.761258999999999908e+00 2.879214000000000162e+00 3.005320999999999909e+00 2.983836999999999851e+00 3.020713999999999899e+00 3.131902999999999881e+00 3.135981999999999825e+00 3.086628999999999845e+00 3.194957000000000047e+00 3.212915000000000187e+00 3.253868999999999900e+00 3.261193000000000008e+00 3.352520999999999862e+00 3.346445000000000114e+00 3.362572999999999812e+00 3.355553000000000008e+00
2.143313000000000024e+00 2.245998999999999857e+00 2.692473000000000116e+00 2.894861999999999824e+00 2.886102000000000167e+00 2.864520000000000177e+00 2.902712999999999877e+00 2.906899999999999817e+00 2.901238000000000206e+00 2.987642000000000131e+00 3.003652999999999906e+00 3.031630999999999965e+00 3.103988000000000191e+00 3.109318000000000026e+00 3.197176999999999936e+00 3.198250999999999955e+00 3.343446000000000140e+00 3.352202999999999822e+00 3.350527000000000033e+00 3.357582999999999984e+00 3.340314999999999923e+00
1.939853000000000049e+00 2.330470000000000041e+00 2.516518000000000033e+00 2.506756000000000206e+00 2.529843000000000064e+00 2.523550000000000182e+00 2.623336999999999808e+00 2.647609000000000101e+00 2.686814000000000036e+00 2.830843000000000220e+00 2.851560000000000095e+00 2.844040999999999819e+00 2.829765000000000086e+00 2.845676000000000094e+00 2.849568999999999797e+00 2.949158999999999864e+00 3.046438999999999897e+00 3.054321999999999981e+00 3.067804000000000197e+00 3.006016999999999939e+00 3.060998000000000108e+00
2.072904999999999998e+00 2.169477999999999795e+00 2.301595999999999975e+00 2.325864999999999849e+00 2.364498999999999906e+00 2.349810000000000176e+00 2.393809000000000076e+00 2.440628999999999937e+00 2.707180999999999838e+00 2.712072000000000038e+00 2.775478999999999807e+00 2.774859999999999882e+00 2.761795000000000222e+00 2.788569999999999993e+00 2.837633999999999990e+00 2.826210999999999807e+00 2.901794000000000207e+00 2.974486000000000185e+00 2.995763999999999871e+00 2.988786000000000165e+00 3.042713000000000001e+00
2.547630999999999979e+00 2.572655999999999832e+00 2.653699000000000030e+00 2.777178000000000146e+00 2.782150999999999819e+00 2.790201999999999849e+00 2.799094999999999889e+00 2.830036999999999914e+00 2.900532999999999806e+00 3.001093000000000011e+00 3.018311999999999884e+00 3.131069999999999798e+00 3.249588000000000143e+00 3.288229999999999986e+00 3.271469000000000182e+00 3.256477999999999984e+00 3.279727999999999977e+00 3.287272999999999890e+00 3.282859000000000194e+00 3.341092000000000173e+00 3.346392999999999951e+00
2.091146999999999867e+00 2.587248999999999910e+00 2.593199999999999950e+00 2.671520999999999813e+00 2.902483999999999842e+00 2.998600999999999850e+00 3.014501000000000097e+00 3.003312999999999899e+00 2.992602999999999902e+00 2.990396000000000054e+00 2.992550000000000043e+00 2.976093999999999795e+00 2.998263000000000122e+00 3.048073000000000032e+00 3.046466000000000118e+00 3.064201000000000175e+00 3.044284000000000212e+00 3.216823999999999906e+00 3.206954000000000082e+00 3.214684999999999793e+00 3.237143000000000104e+00
2.331761000000000195e+00 2.576420000000000154e+00 2.649945000000000217e+00 2.778989999999999849e+00 2.781474999999999920e+00 2.789762000000000075e+00 2.887500000000000178e+00 3.057716999999999796e+00 3.062683999999999962e+00 3.114987000000000172e+00 3.208597999999999839e+00 3.226481999999999850e+00 3.208803000000000072e+00 3.233115999999999879e+00 3.249693000000000165e+00 3.245547000000000182e+00 3.219224000000000085e+00 3.220705000000000151e+00 3.212655999999999956e+00 3.192056000000000004e+00 3.223691000000000084e+00
2.134644999999999904e+00 2.196136000000000088e+00 2.476897000000000126e+00 2.737394000000000105e+00 2.797892000000000046e+00 2.902375000000000149e+00 2.925606000000000151e+00 2.919281999999999933e+00 2.967835000000000001e+00 3.007141999999999982e+00 2.994743000000000155e+00 2.991547999999999874e+00 3.076846999999999888e+00 3.096124999999999794e+00 3.115600000000000147e+00 3.088297999999999988e+00 3.119186000000000014e+00 3.231637000000000093e+00 3.200212000000000057e+00 3.288292999999999910e+00 3.328012999999999888e+00
2.106365999999999961e+00 2.436609999999999943e+00 2.581204000000000054e+00 2.706545999999999896e+00 2.698566000000000020e+00 2.728241999999999834e+00 2.790852000000000110e+00 2.815885999999999889e+00 2.794033999999999907e+00 2.828399999999999803e+00 2.822725000000000151e+00 2.812806999999999835e+00 2.838052999999999937e+00 2.856643000000000043e+00 2.847621999999999876e+00 2.853905000000000136e+00 2.841028999999999805e+00 2.860827000000000009e+00 2.884958999999999829e+00 2.920847000000000193e+00 3.005565999999999960e+00
1.835182000000000091e+00 2.148829000000000100e+00 2.422013000000000194e+00 2.484830999999999790e+00 2.570803999999999867e+00 2.620947000000000138e+00 2.636912000000000145e+00 2.656947999999999865e+00 2.724384000000000139e+00 2.767151999999999834e+00 2.839666999999999941e+00 2.971943000000000001e+00 2.994763999999999982e+00 3.036531000000000091e+00 3.092878999999999934e+00 3.115448999999999913e+00 3.192064999999999930e+00 3.241713999999999984e+00 3.271345999999999865e+00 3.279910999999999799e+00 3.367464000000000013e+00
2.135066999999999826e+00 2.124480999999999842e+00 2.400094000000000172e+00 2.589313999999999893e+00 2.695686999999999944e+00 2.737452999999999914e+00 2.757401999999999909e+00 2.824946000000000179e+00 2.959245999999999821e+00 3.008188000000000084e+00 2.994785999999999948e+00 2.966352000000000100e+00 2.975098000000000020e+00 3.074336000000000180e+00 3.100293000000000188e+00 3.087274999999999991e+00 3.105207000000000050e+00 3.099685000000000024e+00 3.152076999999999796e+00 3.177890000000000104e+00 3.172409000000000034e+00
1.934322000000000097e+00 2.265800000000000036e+00 2.303725000000000023e+00 2.445593000000000128e+00 2.678412999999999933e+00 2.710421000000000191e+00 2.757432999999999801e+00 2.772514999999999841e+00 2.802871000000000112e+00 2.766201000000000132e+00 2.925968000000000124e+00 2.932564000000000171e+00 3.006199000000000066e+00 3.038422999999999874e+00 3.089811999999999781e+00 3.059938999999999965e+00 3.082678000000000029e+00 3.235438999999999954e+00 3.219527999999999945e+00 3.244235999999999898e+00 3.315189999999999859e+00
2.621293999999999791e+00 2.720702000000000176e+00 2.981393000000000182e+00 3.012929000000000190e+00 3.010542000000000051e+00 3.236568000000000112e+00 3.246773999999999827e+00 3.226846000000000103e+00 3.234907000000000199e+00 3.248270999999999908e+00 3.272031999999999829e+00 3.257654000000000050e+00 3.272070999999999952e+00 3.337696999999999914e+00 3.367100999999999900e+00 3.400056999999999885e+00 3.396837999999999802e+00 3.393928999999999974e+00 3.401963999999999988e+00 3.355106999999999839e+00 3.414648000000000128e+00
2.013727999999999962e+00 2.187495000000000189e+00 2.242626000000000008e+00 2.249461000000000155e+00 2.409393000000000118e+00 2.554145000000000110e+00 2.537288000000000210e+00 2.748171000000000141e+00 2.822912000000000088e+00 2.786496999999999780e+00 2.893183000000000060e+00 2.883303000000000171e+00 2.913349000000000188e+00 3.041284000000000098e+00 3.136127000000000109e+00 3.218531000000000031e+00 3.262128999999999834e+00 3.333863000000000021e+00 3.362616000000000049e+00 3.361927000000000110e+00 3.306292000000000009e+00
1.994509000000000087e+00 2.033598000000000017e+00 2.408364999999999867e+00 2.500550000000000050e+00 2.602275999999999812e+00 2.945146999999999959e+00 3.017415000000000180e+00 3.001240999999999826e+00 2.999470000000000081e+00 3.012480000000000047e+00 3.004661000000000026e+00 2.998501000000000083e+00 3.092006000000000032e+00 3.075755000000000017e+00 3.115788999999999920e+00 3.082254999999999967e+00 3.206564999999999888e+00 3.216687999999999992e+00 3.236947999999999936e+00 3.223313999999999790e+00 3.230639000000000038e+00
2.041643000000000097e+00 2.245557999999999943e+00 2.298950000000000049e+00 2.317791000000000157e+00 2.395992000000000122e+00 2.479207000000000161e+00 2.602557000000000009e+00 2.731749000000000205e+00 2.835418000000000216e+00 2.833218000000000014e+00 2.959518999999999789e+00 2.955051999999999790e+00 3.044588000000000072e+00 3.048427999999999916e+00 3.117821999999999871e+00 3.119777000000000022e+00 3.164229000000000180e+00 3.145289000000000001e+00 3.189824000000000215e+00 3.185475999999999974e+00 3.177888999999999964e+00
1.834524000000000044e+00 2.123288000000000064e+00 2.328602000000000061e+00 2.406595999999999957e+00 2.503013000000000154e+00 2.648733000000000004e+00 2.673423000000000105e+00 2.749277999999999889e+00 2.775933999999999902e+00 2.845666000000000029e+00 2.815155999999999992e+00 2.833129000000000008e+00 3.161458000000000101e+00 3.234048000000000034e+00 3.206745000000000179e+00 3.241766999999999843e+00 3.231831000000000120e+00 3.226871000000000045e+00 3.206339999999999968e+00 3.243285000000000196e+00 3.238480000000000025e+00
2.355192000000000174e+00 2.472024000000000221e+00 2.598892000000000202e+00 2.899199999999999999e+00 2.959238000000000035e+00 3.104947000000000124e+00 3.121639000000000053e+00 3.151486999999999927e+00 3.174781999999999993e+00 3.172826999999999842e+00 3.188146000000000146e+00 3.227424000000000071e+00 3.266478999999999910e+00 3.388456000000000135e+00 3.381743999999999861e+00 3.372732000000000063e+00 3.380173000000000094e+00 3.366312000000000193e+00 3.355764000000000191e+00 3.400427999999999784e+00 3.410463000000000022e+00
1.997478000000000087e+00 2.238347999999999782e+00 2.219866999999999813e+00 2.373118999999999978e+00 2.549231999999999942e+00 2.775701000000000196e+00 2.757228000000000012e+00 2.807935000000000070e+00 2.777483999999999842e+00 2.845658999999999939e+00 2.878594999999999793e+00 2.942231000000000041e+00 2.968030000000000168e+00 3.007816000000000045e+00 2.998307000000000055e+00 3.004010000000000069e+00 3.072780999999999985e+00 3.076360000000000205e+00 3.164060999999999790e+00 3.181095000000000006e+00 3.170955000000000190e+00
1.986512999999999973e+00 2.388850999999999836e+00 2.474105999999999916e+00 2.507572000000000134e+00 2.586848999999999954e+00 2.781229000000000173e+00 2.952277000000000040e+00 2.957227000000000050e+00 2.946289000000000158e+00 3.020847999999999978e+00 3.018672000000000022e+00 3.019496000000000180e+00 3.026288000000000089e+00 3.028096000000000121e+00 3.042635000000000201e+00 3.055461000000000205e+00 3.032351999999999936e+00 3.030009999999999870e+00 3.205995999999999846e+00 3.211456000000000088e+00 3.281890999999999892e+00
2.193734000000000073e+00 2.441133000000000219e+00 2.511976000000000209e+00 2.490765999999999813e+00 2.505562999999999985e+00 2.601612999999999953e+00 2.700225000000000097e+00 2.701157999999999948e+00 2.690704000000000207e+00 2.719511999999999929e+00 2.686020000000000074e+00 2.724098999999999826e+00 2.711246000000000045e+00 2.707716000000000012e+00 2.703984999999999861e+00 2.709506000000000192e+00 2.719027999999999778e+00 2.741737999999999786e+00 2.783412000000000219e+00 2.836184999999999956e+00 2.995122999999999980e+00
2.134018999999999888e+00 2.450471999999999984e+00 2.446254999999999846e+00 2.659304000000000112e+00 2.697883000000000031e+00 2.810238000000000014e+00 3.030321999999999960e+00 3.047826999999999842e+00 3.121446999999999861e+00 3.128531999999999869e+00 3.211949000000000165e+00 3.194103000000000137e+00 3.229588999999999821e+00 3.208629999999999871e+00 3.253910999999999998e+00 3.248512999999999984e+00 3.255393000000000203e+00 3.348482000000000181e+00 3.342478999999999978e+00 3.350959000000000021e+00 3.331001000000000101e+00
2.072016000000000080e+00 2.081548000000000176e+00 2.263246000000000091e+00 2.317194999999999894e+00 2.439027999999999974e+00 2.436296000000000017e+00 2.548061999999999827e+00 2.591758000000000006e+00 2.717553999999999803e+00 2.705719000000000207e+00 2.710049999999999848e+00 2.730049999999999866e+00 2.701349000000000000e+00 2.712976999999999972e+00 2.851287000000000127e+00 2.832430000000000003e+00 2.852012000000000214e+00 2.854464999999999808e+00 2.939242000000000132e+00 2.940261000000000013e+00 2.925685000000000091e+00
2.030940000000000190e+00 2.200286999999999882e+00 2.341988000000000181e+00 2.464538000000000117e+00 2.458607000000000209e+00 2.561891000000000140e+00 2.681982000000000088e+00 2.695424000000000042e+00 2.767112000000000016e+00 2.913972999999999924e+00 2.909753999999999952e+00 3.102485000000000159e+00 3.150886999999999993e+00 3.160028000000000059e+00 3.153385000000000105e+00 3.139024000000000036e+00 3.245136000000000021e+00 3.225938999999999890e+00 3.299148999999999887e+00 3.323510999999999882e+00 3.331855000000000011e+00
2.077414999999999790e+00 2.375014999999999876e+00 2.388757000000000019e+00 2.601621999999999879e+00 2.727174000000000209e+00 2.815500000000000114e+00 2.966975999999999836e+00 2.998054000000000219e+00 3.056087999999999916e+00 3.090227000000000057e+00 3.164197000000000148e+00 3.174831000000000181e+00 3.156083999999999889e+00 3.242091999999999974e+00 3.265087999999999990e+00 3.252962999999999827e+00 3.309330000000000105e+00 3.346223000000000170e+00 3.363675999999999888e+00 3.363195000000000157e+00 3.318484000000000211e+00
1.979508999999999963e+00 2.268533999999999828e+00 2.344008000000000091e+00 2.395885999999999960e+00 2.391637999999999931e+00 2.683714000000000155e+00 2.660508000000000095e+00 2.776383000000000045e+00 2.795367000000000157e+00 2.834217999999999904e+00 2.884316000000000102e+00 2.934813999999999812e+00 3.147488000000000063e+00 3.201376000000000221e+00 3.191012000000000182e+00 3.268648000000000220e+00 3.313792999999999989e+00 3.313037000000000010e+00 3.391467000000000009e+00 3.393364000000000047e+00 3.380971000000000171e+00
1.891782999999999992e+00 2.158875999999999795e+00 2.311453999999999898e+00 2.635607999999999951e+00 2.805041000000000118e+00 2.789555000000000007e+00 2.758897000000000155e+00 2.800149999999999917e+00 2.827542999999999918e+00 2.833331999999999962e+00 2.811077000000000048e+00 2.954289999999999861e+00 2.997295999999999960e+00 2.965027000000000079e+00 2.944446000000000119e+00 3.020359000000000016e+00 3.085175000000000001e+00 3.112937000000000065e+00 3.089764999999999873e+00 3.103960999999999970e+00 3.134888999999999815e+00
2.242500999999999856e+00 2.373780000000000001e+00 2.679610999999999965e+00 2.721830000000000194e+00 2.702701999999999938e+00 2.686352999999999991e+00 2.690859000000000112e+00 2.693551999999999946e+00 2.666110999999999898e+00 2.774751999999999885e+00 2.792990000000000084e+00 2.796783000000000019e+00 2.851433999999999802e+00 2.852825000000000166e+00 2.885057999999999900e+00 2.876602999999999799e+00 2.887436000000000114e+00 2.960379999999999789e+00 3.019464999999999844e+00 3.008030000000000204e+00 3.030323999999999796e+00
2.247840000000000060e+00 2.369094000000000033e+00 2.811640000000000139e+00 2.858550999999999842e+00 2.895919000000000132e+00 2.897958000000000034e+00 2.913873999999999853e+00 2.906598999999999933e+00 3.004690000000000083e+00 3.063407000000000213e+00 3.059165000000000134e+00 3.120873000000000008e+00 3.195416999999999952e+00 3.272002000000000077e+00 3.377581999999999862e+00 3.345680999999999905e+00 3.383504999999999985e+00 3.383186999999999944e+00 3.425117999999999885e+00 3.382144999999999957e+00 3.384551999999999783e+00
2.064709000000000128e+00 2.103000000000000203e+00 2.176550000000000207e+00 2.401100000000000012e+00 2.434670999999999808e+00 2.531788000000000149e+00 2.565376999999999796e+00 2.666751000000000094e+00 2.886019999999999808e+00 2.878175000000000150e+00 2.858197999999999794e+00 2.944754000000000094e+00 3.053437000000000179e+00 3.056713999999999931e+00 3.031296000000000213e+00 3.038466000000000111e+00 3.040443999999999924e+00 3.015509999999999913e+00 3.097742999999999913e+00 3.109964999999999868e+00 3.091995999999999967e+00
1.992421999999999915e+00 2.035020999999999969e+00 2.293111999999999817e+00 2.412161999999999917e+00 2.552248000000000072e+00 2.662765999999999966e+00 2.659177000000000124e+00 2.767160000000000064e+00 2.775567999999999813e+00 2.820046000000000053e+00 2.808221000000000078e+00 2.883799999999999919e+00 2.886490999999999918e+00 2.990213999999999928e+00 2.981551000000000062e+00 3.014815000000000023e+00 3.106491000000000113e+00 3.108220999999999901e+00 3.105166999999999788e+00 3.105516000000000165e+00 3.098857000000000195e+00
2.051880000000000148e+00 2.237588000000000132e+00 2.515557999999999961e+00 2.691608000000000001e+00 2.671463999999999839e+00 2.774284000000000194e+00 2.756632999999999889e+00 2.779694999999999805e+00 2.945085999999999871e+00 3.014854999999999841e+00 2.974676000000000098e+00 3.017278999999999822e+00 2.990480999999999945e+00 3.055133999999999794e+00 3.058079999999999909e+00 3.075311999999999824e+00 3.087263000000000090e+00 3.109769000000000005e+00 3.089923999999999893e+00 3.128334999999999866e+00 3.244943000000000133e+00
1.810032000000000085e+00 1.949319999999999942e+00 2.082155000000000200e+00 2.304323000000000121e+00 2.443446999999999925e+00 2.515417999999999932e+00 2.633008999999999933e+00 2.648463000000000012e+00 2.632937999999999779e+00 2.774631999999999987e+00 2.770671999999999802e+00 2.908187999999999995e+00 2.906798999999999911e+00 2.908408000000000104e+00 2.974650000000000016e+00 2.968881000000000103e+00 3.001771000000000189e+00 2.983518999999999810e+00 2.992685999999999957e+00 3.039146000000000125e+00 3.113668000000000102e+00
2.421677999999999997e+00 2.469167000000000112e+00 2.499506999999999923e+00 2.532602999999999938e+00 2.573072999999999944e+00 2.564484999999999904e+00 2.579018000000000033e+00 2.588639999999999830e+00 2.643521999999999927e+00 2.646396000000000193e+00 2.761826999999999810e+00 2.747043000000000124e+00 2.822274999999999867e+00 2.798465999999999898e+00 2.816743999999999915e+00 2.907982000000000067e+00 2.994037000000000059e+00 2.991960000000000175e+00 3.014362999999999904e+00 3.053640000000000132e+00 3.067673999999999790e+00
2.105888999999999900e+00 2.350359000000000087e+00 2.375799000000000216e+00 2.394484999999999975e+00 2.462247000000000074e+00 2.612209000000000003e+00 2.715832999999999942e+00 2.726284999999999847e+00 2.785051999999999861e+00 2.864625000000000199e+00 2.908182000000000045e+00 3.029993000000000158e+00 3.173386999999999958e+00 3.153150000000000119e+00 3.163251999999999953e+00 3.154743999999999993e+00 3.153866999999999976e+00 3.164045000000000218e+00 3.170914999999999928e+00 3.166643000000000097e+00 3.178366000000000025e+00
2.238815000000000222e+00 2.342455000000000176e+00 2.386998999999999871e+00 2.520268999999999870e+00 2.535409000000000024e+00 2.514969999999999928e+00 2.529850999999999850e+00 2.527292999999999790e+00 2.619105999999999934e+00 2.755437999999999832e+00 2.799725000000000019e+00 2.910986999999999991e+00 2.976897000000000126e+00 3.029673999999999978e+00 3.035738999999999965e+00 3.094943999999999917e+00 3.154161999999999910e+00 3.183187000000000211e+00 3.179645999999999972e+00 3.228960999999999970e+00 3.275536999999999921e+00
1.869464999999999932e+00 2.115101999999999816e+00 2.119333000000000133e+00 2.292123000000000133e+00 2.599199000000000037e+00 2.590805000000000025e+00 2.666021000000000196e+00 2.743955000000000144e+00 2.771590000000000220e+00 2.804488000000000092e+00 2.807634999999999881e+00 2.814022000000000023e+00 2.909460999999999853e+00 2.927071000000000200e+00 2.908727999999999980e+00 2.995209000000000010e+00 3.059665999999999997e+00 3.095863000000000032e+00 3.081634000000000206e+00 3.076941999999999844e+00 3.148397000000000112e+00
1.968428999999999984e+00 2.272003000000000217e+00 2.360313000000000105e+00 2.470244000000000106e+00 2.497902999999999984e+00 2.526654000000000178e+00 2.523033999999999999e+00 2.534044999999999881e+00 2.556474000000000135e+00 2.567034000000000038e+00 2.579038999999999859e+00 2.627826000000000217e+00 2.622844999999999871e+00 2.837787000000000059e+00 2.886194999999999844e+00 2.952672000000000185e+00 3.005376000000000047e+00 3.123568999999999818e+00 3.165442999999999785e+00 3.340828000000000131e+00 3.338020999999999905e+00
2.070508999999999933e+00 2.138434999999999864e+00 2.332619000000000220e+00 2.589357999999999826e+00 2.613973999999999798e+00 2.769095000000000084e+00 2.824530000000000207e+00 2.818341000000000207e+00 2.833305999999999880e+00 2.869902000000000175e+00 3.019657000000000036e+00 3.133176999999999879e+00 3.164244000000000057e+00 3.152372999999999870e+00 3.180639000000000216e+00 3.163845999999999936e+00 3.155358999999999803e+00 3.168423999999999907e+00 3.216183000000000014e+00 3.209112000000000187e+00 3.169916999999999874e+00
2.037943999999999978e+00 2.227435999999999972e+00 2.462825000000000042e+00 2.689958999999999989e+00 2.780742000000000047e+00 2.808783000000000030e+00 2.816056000000000115e+00 2.921138000000000012e+00 2.956055000000000099e+00 3.143809000000000076e+00 3.171583000000000041e+00 3.136839000000000155e+00 3.225350000000000161e+00 3.324996000000000063e+00 3.345562000000000147e+00 3.416641999999999957e+00 3.375605000000000189e+00 3.458451000000000164e+00 3.456833000000000045e+00 3.414546000000000081e+00 3.450143999999999878e+00
2.242290999999999812e+00 2.361861999999999906e+00 2.561414000000000080e+00 2.534015999999999824e+00 2.577424000000000159e+00 2.600992000000000193e+00 2.660235999999999823e+00 2.760886999999999869e+00 2.767454999999999998e+00 2.769578999999999791e+00 2.809703999999999979e+00 2.832041999999999948e+00 2.868685000000000151e+00 2.866676000000000002e+00 2.873857000000000106e+00 2.896624999999999783e+00 2.854378000000000082e+00 2.871023999999999798e+00 2.972532999999999870e+00 3.094816999999999929e+00 3.151914999999999800e+00
2.076658000000000115e+00 2.207943000000000211e+00 2.362442000000000153e+00 2.406995999999999913e+00 2.430400999999999812e+00 2.437472999999999779e+00 2.645350999999999786e+00 2.747927999999999926e+00 2.741740000000000066e+00 2.730681999999999832e+00 2.830316999999999972e+00 2.966813999999999840e+00 2.976119999999999877e+00 2.988780000000000214e+00 3.013951000000000047e+00 3.028449999999999864e+00 3.025621000000000116e+00 3.111501000000000072e+00 3.102554000000000034e+00 3.123149000000000175e+00 3.139702000000000215e+00
2.139858999999999956e+00 2.438771000000000022e+00 2.499988000000000099e+00 2.623543999999999876e+00 2.745115000000000194e+00 2.907899000000000012e+00 2.891366999999999798e+00 2.901104999999999823e+00 2.928512000000000004e+00 2.938261999999999929e+00 3.020624999999999893e+00 3.035823999999999856e+00 3.043010999999999910e+00 3.094043000000000099e+00 3.063647000000000009e+00 3.060353000000000101e+00 3.120429999999999815e+00 3.151124999999999954e+00 3.118878000000000039e+00 3.157268000000000185e+00 3.213271000000000210e+00
2.161324000000000023e+00 2.175985999999999976e+00 2.248552999999999802e+00 2.586456000000000088e+00 2.568519000000000219e+00 2.644470000000000098e+00 2.684921999999999809e+00 2.805846999999999980e+00 2.892278999999999822e+00 2.865536999999999779e+00 3.002819999999999823e+00 2.969844999999999846e+00 2.977977000000000096e+00 2.987802999999999987e+00 2.985462000000000060e+00 2.979372000000000131e+00 2.997745000000000104e+00 3.002816000000000152e+00 3.071639999999999926e+00 3.120074999999999932e+00 3.113367000000000218e+00
1.672017000000000087e+00 1.835928000000000004e+00 1.924843000000000082e+00 2.091871999999999954e+00 2.440345999999999904e+00 2.550768000000000146e+00 2.542389000000000010e+00 2.721906999999999854e+00 2.910633999999999943e+00 2.924878000000000089e+00 2.911086000000000062e+00 3.004849000000000103e+00 3.074467999999999979e+00 3.099753999999999898e+00 3.217592999999999925e+00 3.209531000000000134e+00 3.198752999999999957e+00 3.188254000000000143e+00 3.240231000000000083e+00 3.230808000000000124e+00 3.343332999999999888e+00
2.179062000000000054e+00 2.262646999999999853e+00 2.354997000000000007e+00 2.457462000000000035e+00 2.578215999999999841e+00 2.796472000000000069e+00 2.864370000000000083e+00 2.894744000000000206e+00 2.884246999999999783e+00 2.875300999999999885e+00 2.916618000000000155e+00 2.911840999999999902e+00 2.935840999999999923e+00 2.965193000000000190e+00 2.968713000000000157e+00 3.000662999999999858e+00 2.993408000000000069e+00 3.063800000000000079e+00 3.089999000000000162e+00 3.070920000000000094e+00 3.056258000000000141e+00
2.165386999999999951e+00 2.389531999999999989e+00 2.670539999999999914e+00 2.819640999999999842e+00 2.812364999999999782e+00 2.891434999999999977e+00 2.979001999999999928e+00 3.029860000000000220e+00 3.039489000000000107e+00 3.061746999999999996e+00 3.101745000000000196e+00 3.109707999999999917e+00 3.103010999999999964e+00 3.119631000000000043e+00 3.089113000000000220e+00 3.292422000000000182e+00 3.325991999999999837e+00 3.315738000000000074e+00 3.278831999999999969e+00 3.316059000000000090e+00 3.309613000000000138e+00
2.398346999999999785e+00 2.458397000000000165e+00 2.572668000000000177e+00 2.796421000000000046e+00 2.790560000000000151e+00 2.760402000000000022e+00 2.791771999999999920e+00 2.884377000000000191e+00 2.880183000000000160e+00 2.877387000000000139e+00 2.993835999999999942e+00 3.049066999999999972e+00 3.071083999999999925e+00 3.060890999999999806e+00 3.061614000000000058e+00 3.074046000000000056e+00 3.117167999999999939e+00 3.191498000000000168e+00 3.198443000000000147e+00 3.172658999999999896e+00 3.261578000000000088e+00
1.986526999999999932e+00 2.223692999999999920e+00 2.458692999999999795e+00 2.573240999999999890e+00 2.613052000000000152e+00 2.799472999999999878e+00 2.806979999999999809e+00 2.794904999999999973e+00 2.815717999999999943e+00 2.832780000000000076e+00 2.861159999999999926e+00 3.008645000000000014e+00 3.017237000000000169e+00 3.062409999999999854e+00 3.091314999999999813e+00 3.113681999999999839e+00 3.086130999999999958e+00 3.157472999999999974e+00 3.138710000000000111e+00 3.156252999999999975e+00 3.132448000000000121e+00
2.064516999999999936e+00 2.341571000000000069e+00 2.431675999999999949e+00 2.739745999999999793e+00 2.773044000000000064e+00 3.001846000000000014e+00 3.058180000000000121e+00 3.189658999999999800e+00 3.209668999999999883e+00 3.192159000000000191e+00 3.155155000000000154e+00 3.178760000000000030e+00 3.160299000000000191e+00 3.178268999999999789e+00 3.166427000000000103e+00 3.178128000000000064e+00 3.164600000000000080e+00 3.168159999999999865e+00 3.266569000000000056e+00 3.226585000000000036e+00 3.214625999999999983e+00
2.272829000000000210e+00 2.536423000000000094e+00 2.714844999999999953e+00 2.713642000000000110e+00 2.721972000000000058e+00 2.809649999999999981e+00 2.995210999999999846e+00 3.043683999999999834e+00 3.019604000000000177e+00 3.027776999999999941e+00 3.077309000000000072e+00 3.186674000000000007e+00 3.241715999999999820e+00 3.240742000000000012e+00 3.333756000000000164e+00 3.366204000000000196e+00 3.384739999999999860e+00 3.411366999999999816e+00 3.372472000000000136e+00 3.389133000000000173e+00 3.396790000000000198e+00
2.251774000000000164e+00 2.544022000000000006e+00 2.677874999999999783e+00 2.721274999999999888e+00 2.916602999999999835e+00 2.908495999999999970e+00 3.024700000000000166e+00 3.006327999999999889e+00 3.044563000000000130e+00 3.071282000000000068e+00 3.055086999999999886e+00 3.049564999999999859e+00 3.064567999999999959e+00 3.244511999999999841e+00 3.217578000000000049e+00 3.227651999999999965e+00 3.250682999999999989e+00 3.244543000000000177e+00 3.248095000000000176e+00 3.304241000000000206e+00 3.306709999999999816e+00
1.772167000000000048e+00 2.124083999999999861e+00 2.209668000000000188e+00 2.427249000000000212e+00 2.688328999999999969e+00 2.816375999999999991e+00 2.901861999999999941e+00 2.917807999999999957e+00 2.931360999999999883e+00 2.926473000000000102e+00 2.970921999999999841e+00 2.926464000000000176e+00 2.929966999999999988e+00 2.965266999999999875e+00 2.934069000000000038e+00 2.991928999999999839e+00 2.968354000000000159e+00 2.970539000000000041e+00 2.969660000000000188e+00 2.943824000000000218e+00 2.968709000000000042e+00
2.308520999999999823e+00 2.451411999999999924e+00 2.581262999999999863e+00 2.570183999999999802e+00 2.640366000000000213e+00 2.649169000000000107e+00 2.671807999999999961e+00 2.898705000000000087e+00 2.859636000000000067e+00 2.888669999999999849e+00 2.900260999999999978e+00 2.891347999999999807e+00 2.860202000000000133e+00 2.891201000000000132e+00 2.890692000000000039e+00 2.900183000000000177e+00 2.886247000000000007e+00 2.894886000000000070e+00 2.995356999999999825e+00 3.133818999999999910e+00 3.124103999999999992e+00
2.241654000000000035e+00 2.517300000000000093e+00 2.531899000000000122e+00 2.638503000000000043e+00 2.866343000000000085e+00 2.884866000000000152e+00 2.987738999999999923e+00 3.101665000000000116e+00 3.164095999999999798e+00 3.276320999999999817e+00 3.260091000000000072e+00 3.344624000000000041e+00 3.310064999999999813e+00 3.308129999999999793e+00 3.397451999999999916e+00 3.431238000000000010e+00 3.487029999999999852e+00 3.510232999999999937e+00 3.556845000000000034e+00 3.562615999999999783e+00 3.505886999999999976e+00
1.756718999999999919e+00 1.890868999999999911e+00 2.292495999999999867e+00 2.439859999999999918e+00 2.426565000000000083e+00 2.450814999999999966e+00 2.672705999999999804e+00 2.644254000000000104e+00 2.750496000000000052e+00 2.899713000000000207e+00 3.041116000000000152e+00 3.095070999999999906e+00 3.090570000000000039e+00 3.180699999999999861e+00 3.269156000000000173e+00 3.294331000000000120e+00 3.352457999999999938e+00 3.352310999999999819e+00 3.357536000000000076e+00 3.333975000000000133e+00 3.357228999999999797e+00
1.856023999999999896e+00 2.227275999999999812e+00 2.387459000000000220e+00 2.484716999999999842e+00 2.613913999999999849e+00 2.731428999999999885e+00 2.734402999999999917e+00 2.954530999999999796e+00 2.985177000000000191e+00 2.967708000000000013e+00 2.956641999999999992e+00 2.957802000000000042e+00 3.084232000000000085e+00 3.230715000000000003e+00 3.253867000000000065e+00 3.219235999999999986e+00 3.221340999999999788e+00 3.207154000000000060e+00 3.236742000000000008e+00 3.213762000000000008e+00 3.314813000000000009e+00
2.236467000000000205e+00 2.434162000000000159e+00 2.618133999999999961e+00 2.725046999999999997e+00 2.767774000000000179e+00 2.918928000000000189e+00 2.917101000000000166e+00 2.933192000000000021e+00 3.045027999999999846e+00 3.023022999999999794e+00 3.041704999999999881e+00 3.031546000000000074e+00 3.092045000000000154e+00 3.090412999999999855e+00 3.095495999999999803e+00 3.065094000000000207e+00 3.232699999999999907e+00 3.244275000000000020e+00 3.345070999999999906e+00 3.296851000000000198e+00 3.302502000000000049e+00
2.164093999999999962e+00 2.376866000000000145e+00 2.428293000000000035e+00 2.550079000000000207e+00 2.589129999999999932e+00 2.640260000000000051e+00 2.727390000000000203e+00 2.829219000000000150e+00 2.864301999999999904e+00 2.845905999999999825e+00 2.849291000000000018e+00 2.933215000000000128e+00 3.068505000000000038e+00 3.170462000000000113e+00 3.219133999999999940e+00 3.305970999999999993e+00 3.376542999999999850e+00 3.526110000000000078e+00 3.555998999999999910e+00 3.547366999999999937e+00 3.586863000000000135e+00
2.558063999999999893e+00 2.676438999999999790e+00 2.892832999999999988e+00 3.040437999999999974e+00 3.138418999999999848e+00 3.162491000000000163e+00 3.139734999999999943e+00 3.166145000000000209e+00 3.165077999999999836e+00 3.138619999999999965e+00 3.213747000000000131e+00 3.209671999999999858e+00 3.223934999999999995e+00 3.247295999999999960e+00 3.246532999999999891e+00 3.298188999999999815e+00 3.332453000000000110e+00 3.283923000000000147e+00 3.361041999999999863e+00 3.332434999999999814e+00 3.346087999999999951e+00
2.415827000000000169e+00 2.522035999999999945e+00 2.542311000000000210e+00 2.598759999999999959e+00 2.641996999999999929e+00 2.864078000000000124e+00 2.877596000000000043e+00 2.867202999999999946e+00 2.902693999999999885e+00 2.861289999999999889e+00 2.890353000000000172e+00 3.060036000000000200e+00 3.043090999999999990e+00 3.119219000000000186e+00 3.153935999999999851e+00 3.191587000000000174e+00 3.164635999999999783e+00 3.207716000000000012e+00 3.211056000000000132e+00 3.245260000000000034e+00 3.254160000000000164e+00
1.817595000000000072e+00 2.044112999999999847e+00 2.322563000000000155e+00 2.630707000000000129e+00 2.786605000000000221e+00 2.774833999999999801e+00 2.807615000000000194e+00 2.801890999999999909e+00 2.826600000000000001e+00 2.810923999999999978e+00 2.830938000000000176e+00 2.815062000000000175e+00 2.794491999999999976e+00 2.819747000000000003e+00 2.829285000000000050e+00 2.822916999999999899e+00 2.835325999999999791e+00 2.813578000000000134e+00 2.928002999999999911e+00 2.965317999999999898e+00 3.106751000000000040e+00
2.246080000000000076e+00 2.332441000000000209e+00 2.414900999999999964e+00 2.524055000000000160e+00 2.580563999999999858e+00 2.578413999999999984e+00 2.708908000000000094e+00 2.694122999999999823e+00 2.709967999999999932e+00 2.828898000000000135e+00 2.810906000000000127e+00 2.812330000000000219e+00 2.926604999999999901e+00 2.930480999999999892e+00 3.005405000000000104e+00 3.180944999999999911e+00 3.151902999999999899e+00 3.143472000000000044e+00 3.162201000000000040e+00 3.139978999999999854e+00 3.156092000000000120e+00
2.034308999999999923e+00 2.146815999999999836e+00 2.405860000000000110e+00 2.510943000000000147e+00 2.557491000000000181e+00 2.739374000000000198e+00 2.777477999999999891e+00 2.785944999999999894e+00 2.986597999999999864e+00 3.058721999999999941e+00 3.051534999999999886e+00 3.078793000000000113e+00 3.076150000000000162e+00 3.055318000000000200e+00 3.073789999999999800e+00 3.095241999999999827e+00 3.188566999999999929e+00 3.208324000000000176e+00 3.223412999999999862e+00 3.209518999999999789e+00 3.196304000000000034e+00
2.103073999999999888e+00 2.366096999999999895e+00 2.428960000000000008e+00 2.460767999999999844e+00 2.573824999999999807e+00 2.638892999999999933e+00 2.837921000000000138e+00 2.794884000000000146e+00 2.945424000000000042e+00 2.946315999999999935e+00 2.943220999999999865e+00 2.928843000000000085e+00 2.927054000000000045e+00 2.927229000000000081e+00 2.940882000000000218e+00 2.936062999999999867e+00 2.974000000000000199e+00 2.954197999999999880e+00 2.984872000000000192e+00 2.969288000000000149e+00 2.990412000000000070e+00
2.136009000000000047e+00 2.263885000000000147e+00 2.256142999999999788e+00 2.456386999999999876e+00 2.529170999999999836e+00 2.595924000000000120e+00 2.595740000000000158e+00 2.661360999999999866e+00 2.682513999999999843e+00 2.778382999999999825e+00 2.822445000000000093e+00 2.968008999999999897e+00 2.942702000000000151e+00 2.951780999999999988e+00 3.086224000000000078e+00 3.092382000000000186e+00 3.165077999999999836e+00 3.179828000000000099e+00 3.178974999999999884e+00 3.283325000000000049e+00 3.283673999999999982e+00
2.053110000000000213e+00 2.232804999999999929e+00 2.405676999999999843e+00 2.687211000000000016e+00 2.716365000000000141e+00 2.806283999999999779e+00 2.779850000000000154e+00 2.817874000000000212e+00 2.875109999999999832e+00 2.879264000000000046e+00 3.013453000000000159e+00 2.988036000000000136e+00 3.140162999999999816e+00 3.153537000000000035e+00 3.111337999999999937e+00 3.146784999999999943e+00 3.191907000000000050e+00 3.204953999999999859e+00 3.213858000000000104e+00 3.219711000000000212e+00 3.187451999999999952e+00
2.007121999999999851e+00 2.351888999999999896e+00 2.356440999999999786e+00 2.537228999999999957e+00 2.596530000000000005e+00 2.700685000000000002e+00 2.726630999999999805e+00 2.879122000000000181e+00 2.913479000000000152e+00 2.970670000000000144e+00 3.037189000000000139e+00 3.191066999999999876e+00 3.265470000000000095e+00 3.293142000000000014e+00 3.323195000000000121e+00 3.305149000000000115e+00 3.326255000000000184e+00 3.327461000000000002e+00 3.405149999999999899e+00 3.375843999999999845e+00 3.408256999999999870e+00
2.449107000000000145e+00 2.489017000000000035e+00 2.503408999999999995e+00 2.554612999999999801e+00 2.684026999999999941e+00 2.731179000000000023e+00 2.741182999999999925e+00 2.709346000000000032e+00 2.746494999999999909e+00 2.833921999999999830e+00 2.867172000000000054e+00 2.884507999999999850e+00 2.893215999999999788e+00 2.888752000000000209e+00 2.922864000000000129e+00 2.976598000000000077e+00 2.987087999999999965e+00 2.991173999999999999e+00 2.985831999999999820e+00 2.982286999999999910e+00 2.981613999999999987e+00
1.873801000000000050e+00 2.236010999999999971e+00 2.395427000000000195e+00 2.592096000000000178e+00 2.633230999999999877e+00 2.733636000000000177e+00 2.758335999999999899e+00 2.768907000000000007e+00 2.912840999999999791e+00 2.955627999999999922e+00 2.948789999999999800e+00 2.943436999999999859e+00 2.937438999999999911e+00 2.961743999999999932e+00 3.062759999999999927e+00 3.077517999999999976e+00 3.123829999999999885e+00 3.175101999999999869e+00 3.126060999999999979e+00 3.153604000000000074e+00 3.108210999999999835e+00
2.026911999999999825e+00 2.332523000000000124e+00 2.673932000000000198e+00 2.781620999999999899e+00 2.775462000000000096e+00 2.791872999999999827e+00 2.840176000000000034e+00 2.903417999999999832e+00 2.911716000000000193e+00 3.092325000000000212e+00 3.094733999999999874e+00 3.203847000000000111e+00 3.175908999999999871e+00 3.211530000000000218e+00 3.198024000000000200e+00 3.274881000000000153e+00 3.299256999999999884e+00 3.289759000000000100e+00 3.358287999999999940e+00 3.385235000000000216e+00 3.342874999999999819e+00
2.317248000000000197e+00 2.483496999999999844e+00 2.489482999999999890e+00 2.674669000000000185e+00 2.685344999999999871e+00 2.760819000000000134e+00 2.822945999999999955e+00 2.849076000000000164e+00 2.899580999999999964e+00 2.882613999999999788e+00 2.877791999999999906e+00 2.927858000000000072e+00 2.994314999999999838e+00 3.007607000000000141e+00 2.986842000000000219e+00 2.984536999999999995e+00 3.111636999999999986e+00 3.129690999999999779e+00 3.113916999999999824e+00 3.110129999999999839e+00 3.111374999999999780e+00
2.209762000000000004e+00 2.286570999999999909e+00 2.538931999999999967e+00 2.806277000000000132e+00 2.797652999999999945e+00 3.168149999999999800e+00 3.165237999999999996e+00 3.156623999999999874e+00 3.168657000000000057e+00 3.160981000000000041e+00 3.155476000000000170e+00 3.125189999999999912e+00 3.143116000000000021e+00 3.210243000000000180e+00 3.234020999999999813e+00 3.279247999999999941e+00 3.361711999999999811e+00 3.351141999999999843e+00 3.307997999999999994e+00 3.348266000000000187e+00 3.357406999999999808e+00
2.176652999999999949e+00 2.508345999999999965e+00 2.630722000000000005e+00 2.742134000000000071e+00 2.786725999999999814e+00 2.802071999999999896e+00 2.808895000000000142e+00 2.807239000000000040e+00 2.862168000000000045e+00 2.870805999999999969e+00 2.987503999999999937e+00 2.984291999999999945e+00 3.013633000000000006e+00 3.055216999999999850e+00 3.046405000000000030e+00 3.041402999999999857e+00 3.050091999999999803e+00 3.050548000000000037e+00 3.053104999999999958e+00 3.085389999999999855e+00 3.066431999999999825e+00
2.116103999999999985e+00 2.198484000000000105e+00 2.301270999999999844e+00 2.393464999999999954e+00 2.595070999999999906e+00 2.633538000000000157e+00 2.718763000000000041e+00 2.742960000000000065e+00 2.752886999999999862e+00 2.735846000000000000e+00 2.822996999999999979e+00 2.839424999999999866e+00 2.923967000000000205e+00 2.943668999999999869e+00 2.931014999999999926e+00 3.166959999999999997e+00 3.098479999999999901e+00 3.200498000000000065e+00 3.276809000000000083e+00 3.310356000000000076e+00 3.380202999999999847e+00
1.919481999999999911e+00 2.370188000000000184e+00 2.596093999999999902e+00 2.704032999999999909e+00 2.746004999999999807e+00 2.760419000000000178e+00 2.876932000000000045e+00 3.009962999999999944e+00 3.085993999999999904e+00 3.130195000000000061e+00 3.155094000000000065e+00 3.142411000000000065e+00 3.136689000000000060e+00 3.255189999999999806e+00 3.244454999999999867e+00 3.224721999999999866e+00 3.247986000000000040e+00 3.238894999999999857e+00 3.234802999999999873e+00 3.245061999999999891e+00 3.248105999999999938e+00
2.189001000000000197e+00 2.348041999999999963e+00 2.470994000000000135e+00 2.472606999999999999e+00 2.549675999999999831e+00 2.655837000000000003e+00 2.659424000000000010e+00 2.782776999999999834e+00 2.811585000000000001e+00 2.805053000000000019e+00 2.813013999999999903e+00 2.823437999999999892e+00 2.786742999999999970e+00 2.878718999999999806e+00 2.956211000000000144e+00 2.969791999999999987e+00 3.075305999999999873e+00 3.091101000000000099e+00 3.080668999999999880e+00 3.159619999999999873e+00 3.205038000000000054e+00
1.909494000000000025e+00 2.166256000000000181e+00 2.673726999999999965e+00 2.731862000000000013e+00 2.711657999999999902e+00 2.727952999999999850e+00 2.822440999999999978e+00 2.973586000000000062e+00 2.980966000000000005e+00 3.060576999999999881e+00 3.133214000000000166e+00 3.143123000000000111e+00 3.173684000000000172e+00 3.277871999999999897e+00 3.383602999999999916e+00 3.397602000000000011e+00 3.370106999999999964e+00 3.385146999999999906e+00 3.376243999999999801e+00 3.345864000000000171e+00 3.374378000000000100e+00
2.083181999999999867e+00 2.230984999999999996e+00 2.343461000000000016e+00 2.545268000000000086e+00 2.612346000000000057e+00 2.630624000000000073e+00 2.752117999999999842e+00 2.860913000000000039e+00 2.950768000000000058e+00 3.083127000000000173e+00 3.066413999999999973e+00 3.197191000000000116e+00 3.203218999999999816e+00 3.178500999999999799e+00 3.208638000000000101e+00 3.180861000000000161e+00 3.182830000000000048e+00 3.222646999999999817e+00 3.237302999999999820e+00 3.250430000000000152e+00 3.239196000000000186e+00
1.989228999999999914e+00 2.105853999999999893e+00 2.277925000000000200e+00 2.540388999999999786e+00 2.829476999999999798e+00 2.881237000000000048e+00 2.854268999999999945e+00 2.948504999999999932e+00 2.974744999999999973e+00 3.073577999999999921e+00 3.064041000000000015e+00 3.326442000000000121e+00 3.386776999999999926e+00 3.390827999999999953e+00 3.368081999999999798e+00 3.378187000000000051e+00 3.390162999999999816e+00 3.402509999999999923e+00 3.400614000000000026e+00 3.396903000000000006e+00 3.395287000000000166e+00
2.042889000000000177e+00 2.279059999999999864e+00 2.446124000000000187e+00 2.498143999999999920e+00 2.590758999999999812e+00 2.834541999999999895e+00 2.929564000000000057e+00 2.972685999999999940e+00 3.113285999999999998e+00 3.114422999999999941e+00 3.234431999999999974e+00 3.177738999999999869e+00 3.183984000000000147e+00 3.210894000000000137e+00 3.225544000000000189e+00 3.283523999999999887e+00 3.282417999999999836e+00 3.283474000000000004e+00 3.300545000000000062e+00 3.368641000000000219e+00 3.396205999999999836e+00
