1.175938 1.175938 1.557311 1.175938 1.671063 1.175938 1.785775 1.175938 0.9297958 1.175938 1.557311 1.175938 1.557311 1.175938 0.896021
1.607173 1.474188 0.9614201 1.474188 1.474188 1.326569 1.017454 0.8801898 1.017454 1.607173 0.9614201 1.017454 1.017454 0.9614201 1.474188
1.093891 1.093891 1.104514 1.196582 1.104514 1.550157 1.093891 1.093891 1.590108 1.093891 1.608101 1.104514 1.196582 0.8793505 1.093891
1.066536 1.063023 1.443518 1.312569 1.066536 1.063023 0.8997629 1.312569 1.063023 1.443518 1.443518 1.312569 0.8997629 1.644871 1.066536
1.282355 1.138318 1.048795 1.138318 1.138318 1.248073 1.138318 1.282355 1.138318 1.282355 1.248073 1.248073 1.275629 1.275629 1.098815
0.9974651 1.298362 1.298362 1.088425 1.431712 1.431712 1.431712 1.088425 1.621057 1.431712 1.298362 1.621057 0.9974651 1.431712 1.088425
1.029952 1.141728 1.029952 1.141728 1.57302 1.268284 1.614191 1.268284 1.573491 1.268284 1.707631 1.141728 1.268284 1.57302 1.141728
1.120434 1.120434 0.9648407 1.120434 1.010119 0.9648407 1.120434 1.043576 0.9094888 1.120434 1.120434 0.9040847 1.417581 1.043576 0.9648407
1.201589 1.201589 1.683071 1.201589 1.361772 1.201589 1.361772 1.457728 1.457728 1.457728 1.683071 1.201589 1.201589 1.361772 1.201589
1.105941 1.618522 1.556128 1.074512 0.9950723 1.105941 1.556128 0.9950723 1.556128 1.551362 1.074512 0.9950723 1.105941 0.9644252 1.105941
1.228114 0.9411209 0.9663875 1.297482 1.070117 1.141287 1.070117 1.070117 1.356722 1.549438 1.070117 0.9411209 0.9411209 1.999212 1.297482
1.245849 1.22608 1.245849 1.22608 1.245849 1.85814 1.041249 1.11385 1.245849 1.11385 1.13446 1.13446 1.13446 1.22608 1.041249
0.7444204 1.810293 0.7444204 0.7444204 1.977416 2.094225 1.977416 1.810293 1.810293 1.810293 0.7444204 1.810293 2.094225 0.7444204 1.977416
1.525476 1.134248 1.525476 0.9362878 1.134248 1.525476 1.134248 1.134248 2.226379 1.525476 0.9362878 1.05578 0.9362878 0.9362878 1.525476
0.8770885 1.419603 1.050415 1.050415 1.050415 0.8770885 0.8994962 1.419603 0.8994962 0.858206 0.8994962 0.858206 1.050415 1.050415 1.050415
1.03626 1.289386 1.03626 0.9905011 1.289386 1.289386 1.072527 1.289386 1.072527 0.9905011 1.289386 0.9905011 1.03626 1.289386 0.8348835
1.12099 1.344661 1.650083 1.312337 1.447531 0.9331588 0.9331588 1.344661 1.344661 0.9532223 0.9532223 0.9331588 0.9331588 1.447531 1.312337
1.450313 1.450313 1.450313 1.649104 1.6466 1.649104 1.649104 1.450313 1.450313 1.658666 1.6466 1.953687 1.658666 1.649104 1.649104
1.232917 1.288499 1.180166 1.601471 1.180166 1.288499 0.8274599 1.601471 1.232917 1.511223 1.232917 1.601471 1.288499 1.232917 1.511223
1.11361 1.29966 1.428381 1.11361 1.29966 1.428381 0.9240865 1.11361 1.050206 0.9240865 1.11361 1.428381 1.779458 1.29966 1.050206
1.338894 1.409679 1.394572 1.254088 1.029084 1.306751 1.394572 1.029084 1.394572 1.254088 1.254088 1.394572 1.394572 1.254088 1.306751
1.167891 1.332468 1.167891 1.167891 1.621732 1.107849 1.621732 1.107849 1.107849 1.332468 1.332468 1.621732 1.332468 1.107849 1.167891
1.273417 1.355929 1.355929 1.273417 1.355929 1.355929 0.9424058 1.273417 1.355929 1.702572 0.9424058 0.9424058 0.9424058 1.273417 1.772707
0.9197806 1.211471 1.393642 1.609063 1.697538 0.925447 1.697538 0.9737269 1.12035 1.393642 1.519066 1.393642 1.211471 0.9197806 1.211471
1.226378 1.369443 1.226378 1.034624 1.196551 1.176006 1.034624 1.226378 1.226378 1.196551 1.176006 1.369443 1.034624 1.196551 1.964093
1.18783 0.8919207 1.18783 0.8919207 1.850086 1.18783 1.633171 1.18783 0.8207241 1.18783 0.7578208 0.9048949 0.9048949 0.9048949 0.7396073
1.058187 1.344242 1.344242 1.344242 0.9905833 1.058187 1.516233 0.9794345 0.9905833 1.344242 1.058187 0.9146421 1.344242 0.9905833 1.594437
1.264405 1.264405 1.264405 1.514372 1.154726 1.154726 1.154726 1.514372 1.154726 0.8207116 0.8207116 1.154726 1.514372 1.264405 1.264405
1.278512 0.9180895 1.366108 1.424235 1.32542 1.424235 1.32542 0.8182802 1.001164 1.278512 1.278512 1.366108 1.424235 1.567917 1.424235
1.342207 1.342207 1.020316 1.342207 1.268505 1.268505 1.372385 1.268505 1.060652 1.098852 1.342207 1.268505 1.020316 1.268505 1.268505
1.103102 1.509543 1.509543 1.103102 0.8876443 1.205445 0.8876443 0.9863124 0.9863124 1.580952 1.103102 1.205445 1.103102 0.8876443 0.8876443
1.287567 1.30855 1.30855 1.267222 1.547541 1.593604 1.547541 1.30855 0.9314447 0.9985693 0.9314447 0.9314447 1.287567 1.287567 1.30855
1.525805 1.525805 1.616559 1.519676 1.410764 1.616559 1.021051 1.410764 1.410764 0.938826 1.410764 0.938826 1.410764 1.525805 1.519676
1.202391 1.248649 1.248649 1.248649 0.9998197 1.634922 1.169441 1.169441 0.9998197 1.202391 1.248649 1.248649 1.248649 1.248649 0.9998197
1.042169 1.019331 1.245847 1.042169 1.281304 1.245847 1.793698 1.085681 1.245847 1.085681 1.019331 1.281304 1.085681 1.085681 1.281304
1.067952 0.9858185 1.024948 1.067952 0.991596 1.42648 1.42648 1.067952 1.024948 1.024948 1.024948 0.991596 1.067952 1.162296 1.162296
1.087159 1.284167 1.252626 1.252626 1.284167 1.087159 0.9544947 0.9811517 1.252626 0.9544947 1.087159 0.9811517 1.284167 1.276721 0.9811517
1.41856 1.204691 1.204691 1.038928 1.571234 1.41856 0.8756797 1.204691 1.038928 1.204691 1.038928 1.571234 1.571234 0.8756797 1.204691
1.314919 1.226726 1.226726 1.226726 1.374865 1.374865 1.658256 1.226726 1.012509 1.226726 1.314919 1.012509 1.012509 1.012509 1.226726
1.311237 1.040122 1.311237 1.311237 1.089548 1.040122 1.089548 1.040122 0.9301148 1.311237 1.040122 1.311237 0.9301148 1.311237 1.311237
1.216163 1.245071 1.54774 1.569262 1.233785 1.245071 1.569262 1.233785 1.54774 1.216163 1.321679 1.569262 1.321679 1.569262 1.216163
1.285063 1.285063 1.285063 1.285063 0.988816 1.285063 1.285063 0.988816 1.052379 1.285063 1.285063 1.285063 1.285063 0.988816 0.988816
1.43722 1.213894 1.816466 0.9771415 1.452614 1.213894 1.34028 1.213894 0.9771415 1.213894 1.213894 1.34028 1.43722 0.9771415 1.213894
0.9459323 1.036541 1.155283 1.113831 1.155283 1.095529 0.8510556 1.095529 1.113831 1.673292 1.113831 1.155283 0.8510556 1.113831 0.8510556
1.086941 1.086941 1.071342 1.071342 0.9350874 1.603307 1.086941 1.086941 1.532653 1.040743 0.9350874 1.070102 1.040743 1.040743 1.070102
1.121312 1.471915 1.121312 1.121312 1.404987 1.121312 1.121312 1.404987 1.784919 1.121312 1.750681 1.623202 1.121312 1.623202 1.623202
1.337213 1.337213 1.856327 1.612596 1.612596 1.337213 1.337213 1.337213 1.337213 1.822364 1.337213 1.337213 1.837684 1.337213 1.337213
1.266593 1.22554 1.266593 1.573361 1.266593 1.354356 1.393524 1.266593 1.158033 1.354356 1.266593 1.685898 1.266593 1.158033 1.158033
1.248772 1.76334 1.248772 1.248772 1.248772 0.9802267 0.9802267 1.76334 1.248772 0.9802267 0.7734095 0.9802267 1.760874 1.248772 1.879563
0.9174894 1.095608 1.411578 1.441702 1.095608 1.441702 1.861374 0.9174894 1.095608 0.9174894 0.9174894 1.095608 1.441702 0.9174894 1.441702
1.614259 0.900394 1.52964 1.329166 1.586129 0.900394 1.586129 1.329166 1.329166 1.93794 1.329166 1.785111 1.508647 1.586129 1.508647
1.072058 1.321968 1.321968 1.321968 1.199468 1.199468 1.321968 1.199468 1.321968 1.321968 1.072058 1.321968 1.42231 1.072058 1.072058
0.9246152 1.725201 1.609637 1.784535 1.609637 0.9246152 0.7856469 0.9246152 1.784535 1.609637 1.609637 1.609637 0.9246152 0.9246152 0.7886986
1.27845 1.466553 1.466553 1.59994 1.304541 0.9994987 1.59994 1.27845 0.9994987 0.9892557 1.466553 0.9892557 0.9892557 0.9994987 1.304541
1.134463 1.134463 1.404146 1.258531 1.065212 1.258531 1.258531 1.404146 0.9100685 1.404146 1.780294 1.065212 1.065212 1.258531 1.065212
1.525646 1.142952 1.037672 1.037672 1.142952 1.037672 1.169461 1.91613 1.142952 1.037672 1.525646 1.169461 1.037672 1.525646 1.525646
1.549814 1.077512 1.458903 1.1294 1.549814 1.077512 1.1294 1.1294 1.077512 0.7664051 1.077512 1.077512 1.458903 1.549814 1.549814
0.920619 1.449919 1.46521 1.644331 1.46521 1.73987 1.449919 1.555871 1.449919 1.456291 1.46521 1.46521 1.449919 1.46521 0.920619
1.390536 0.9418531 1.101062 1.390536 1.101062 1.297584 1.209522 1.209522 1.297584 1.390536 1.297584 1.101062 1.297584 1.101062 1.209522
0.9929642 1.189339 1.189339 0.9277993 0.9929642 1.589254 1.221022 0.9649045 1.221022 1.589254 1.221022 1.589254 1.589254 0.9649045 1.189339
1.395398 1.395398 1.395398 1.482916 1.583212 1.482916 1.583212 1.482916 1.482916 1.482916 1.450692 1.395398 1.395398 1.482916 1.395398
1.123014 1.1554 1.285786 1.123014 1.100574 1.1554 1.271872 1.100574 1.271872 1.123014 1.100574 1.1554 1.100574 0.8772194 1.285786
1.464353 1.464353 0.9530757 1.400963 1.400963 1.103896 1.103896 1.400963 0.9530757 1.705927 1.464353 1.777204 1.103896 1.103896 1.400963
1.522967 0.9880333 1.149023 1.030187 1.149023 1.030187 0.9880333 1.250533 1.646743 1.558191 1.250533 1.250533 1.030187 0.8571953 1.149023
1.334366 1.334366 1.143215 1.334366 1.143215 1.498704 1.143215 1.143215 1.334366 1.210835 1.210835 0.9259857 0.9259857 1.143215 1.747842
0.9805628 1.055017 1.098281 1.745262 1.055017 1.055017 1.07354 1.07354 1.055017 0.9805628 1.098281 1.055017 1.265456 1.055017 1.265456
1.339521 1.243879 1.243879 1.243879 0.9559814 0.9042538 0.9042538 0.9042538 0.8184528 1.243879 1.243879 1.339521 1.78558 1.243879 1.339521
0.927252 1.164028 1.165894 1.165894 1.164028 0.8884765 0.927252 1.164028 1.164028 0.8571249 0.927252 0.8884765 0.8571249 0.8884765 0.8637796
0.8842275 1.226227 1.689216 1.2817 1.226227 0.7964327 1.226227 1.226227 0.8842275 1.226227 1.608772 1.2817 1.226227 1.226227 1.608772
1.335783 1.335783 1.335783 1.335783 1.302256 1.335783 1.0785 1.0785 1.0785 1.305712 1.302256 1.099516 1.305712 1.407395 1.422478
1.251553 1.23095 1.251553 1.778242 1.058283 1.778242 0.8797265 0.8797265 1.058283 1.626877 1.251553 1.626877 1.626877 1.23095 1.251553
1.086651 1.480998 1.25792 1.25792 1.480998 1.086651 1.25792 1.25792 1.425378 1.425378 1.480998 1.086651 1.25792 1.25792 1.086651
1.258201 1.258201 1.258201 1.326186 1.326186 1.528379 1.003773 1.326186 1.326186 1.003773 1.258201 1.258201 1.528379 1.326186 1.258201
1.313143 1.366709 1.337165 1.313143 1.337165 0.8383993 1.396289 1.303557 1.366709 1.236403 0.8383993 0.9457648 0.9457648 1.313143 1.313143
1.32234 1.030372 1.3012 1.022149 1.39873 1.022149 1.030372 1.3012 1.39873 1.39873 1.030372 1.3012 1.022149 1.022149 0.8872149
1.34156 1.488522 1.488522 1.40082 1.40082 1.232385 1.028283 1.232385 1.232385 1.232385 1.069739 1.40082 1.028283 1.028283 1.028283
1.06947 1.265046 1.06947 1.100642 1.265046 1.265046 1.454729 1.265046 1.100642 1.454729 1.265046 1.06947 1.06947 1.100642 1.265046
1.138513 1.069145 1.069145 1.085333 1.143119 1.436052 1.344001 1.393279 1.085333 1.138513 1.069145 1.619461 1.344001 1.085333 1.138513
1.158815 1.158815 1.158815 1.150485 1.097475 1.123812 1.123812 1.150485 1.552573 1.123812 0.6558425 0.9090569 1.097475 1.150485 1.158815
1.025776 1.38689 0.9485073 1.663358 0.9267766 0.7971919 1.38689 0.9757918 0.9757918 1.38689 0.9757918 1.38689 0.9267766 1.38689 1.025776
1.15133 1.328218 1.328218 1.36898 1.318398 1.328218 1.36898 1.533839 1.36898 1.328218 1.15133 1.328218 1.328218 1.36898 1.318398
0.9711276 1.206825 1.677419 0.9711276 0.9711276 1.206825 1.677419 1.162551 1.649077 1.162551 1.206825 0.9711276 1.649077 0.9711276 0.90853
1.303488 1.332134 1.332134 1.092565 1.092565 1.092565 1.332134 1.303488 1.419087 1.052921 1.672321 1.332134 1.303488 1.303488 1.419087
0.9827925 1.262555 1.65461 1.262555 1.003556 1.262555 1.262555 0.9827925 1.003556 1.786708 1.003556 0.9827925 1.003556 1.003556 1.262555
1.27436 1.676979 1.172948 1.172948 1.27436 1.077052 1.183637 1.27436 1.172948 1.183637 1.676979 1.27436 1.183637 1.172948 1.172948
1.274259 1.274259 1.274259 1.274259 1.362443 1.799942 1.236825 1.236825 1.274259 1.274259 1.236825 1.799942 1.236825 1.274259 1.362443
0.9808435 1.029176 0.9808435 1.029176 1.256788 1.029176 1.029176 1.30088 1.316122 1.316122 1.30088 1.316122 1.316122 1.383393 1.256788
1.205265 1.205265 1.505282 1.205265 1.299446 1.299446 1.205265 1.505282 1.299446 0.9941654 1.299446 1.299446 1.505282 1.505282 0.9941654
1.038557 1.349256 1.424893 1.427144 1.424893 1.641306 1.427144 1.038557 1.038557 1.424893 1.349256 1.427144 1.349256 1.424893 1.038557
1.087934 0.9249607 1.262939 1.216762 1.66235 1.15967 1.15967 1.262939 1.15967 1.216762 1.262939 1.087934 1.262939 1.087934 0.9249607
1.055029 1.298624 1.298624 1.083552 1.298624 1.055029 1.083552 1.682333 1.055029 1.055029 1.083552 1.083552 1.083552 1.630895 0.7996661
1.389834 1.700319 0.9810571 0.9810571 1.400984 1.389834 1.657734 1.657734 1.389834 1.022256 1.389834 0.9810571 1.389834 1.389834 1.022256
0.9466857 1.528541 1.302419 1.302419 1.528541 0.9466857 1.302419 1.302419 1.528541 0.9466857 1.528541 0.9466857 1.302419 1.618876 1.528541
1.270693 1.367627 1.395453 0.9493589 1.367627 1.09128 1.270693 1.270693 1.201407 1.270693 1.09128 1.09128 1.201407 1.596297 1.395453
1.294849 1.072838 1.072838 1.007659 1.007659 1.294849 1.069373 1.007659 1.206499 0.9647841 1.206499 1.007659 1.294849 1.069373 1.069373
1.023299 1.439947 1.20323 1.20323 1.023299 1.439947 1.20323 1.023299 1.439947 1.023299 1.20323 1.647825 1.20323 1.439947 1.372484
0.9152737 1.15016 1.413429 1.18548 0.9152737 0.9152737 1.18548 1.18548 1.538905 1.538905 1.806319 0.9622196 1.15016 1.538905 0.9152737
1.530299 1.530299 1.215955 1.530299 1.629284 1.530299 1.0726 1.733728 1.215955 1.788216 1.0726 1.0726 1.708308 1.629284 1.215955
1.065047 1.328731 0.9712066 1.413813 1.328731 1.328731 1.632763 1.065047 0.9712066 1.328731 1.002206 1.065047 0.9712066 1.413813 1.002206
1.207688 1.458286 1.484843 1.127195 1.363615 1.363615 1.127195 1.157264 1.157264 1.363615 1.484843 1.157264 1.207688 1.127195 1.157264
