0.8475392 0.896021 0.9297958 1.175938 1.557311 1.671063 1.785775 1.823101 2.017449 2.11595 2.261849 2.411365 3.061776 8.729 10.90629
0.8801898 0.9614201 1.017454 1.326569 1.474188 1.607173 1.793831 1.98486 7.830286 8.240556 8.722215 8.95707 10.00803 10.22927 10.8689
0.672814 0.8793505 1.093891 1.104514 1.196582 1.550157 1.590108 1.608101 1.854471 3.020328 5.722059 5.915722 7.844821 10.02756 11.79764
0.6842021 0.8997629 0.9487797 1.063023 1.066536 1.312569 1.443518 1.644871 2.181505 3.61974 4.977555 7.949459 8.048526 8.104134 9.425669
1.048795 1.098815 1.138318 1.248073 1.275629 1.282355 1.847841 1.990241 3.861663 6.709181 7.040074 7.213676 7.473695 7.609277 9.645299
0.9974651 1.088425 1.298362 1.431712 1.621057 1.886887 2.241838 2.266849 2.26857 4.324418 5.817961 6.715051 7.613886 9.703671 14.67837
0.7188996 1.029952 1.07382 1.141728 1.268284 1.57302 1.573491 1.576144 1.614191 1.707631 2.023119 2.195019 8.757124 8.975363 13.62169
0.7645374 0.9040847 0.9094888 0.9648407 1.010119 1.043576 1.120434 1.417581 1.723983 2.27978 2.317233 2.389758 2.574398 9.257366 9.388142
0.5428397 0.7796922 1.201589 1.361772 1.457728 1.683071 1.867671 2.935096 4.259181 6.802335 6.874189 8.541211 8.573293 11.23066 11.93915
0.9644252 0.9950723 1.017925 1.043467 1.074512 1.105941 1.551362 1.556128 1.618522 1.802925 2.619636 6.468656 7.537168 8.196637 9.092132
0.9411209 0.9663875 1.070117 1.141287 1.222962 1.228114 1.297482 1.356722 1.549438 1.857291 1.999212 2.050289 2.400676 3.714578 8.993767
0.6992382 1.041249 1.11385 1.13446 1.22608 1.245849 1.401761 1.648796 1.85814 2.294856 2.475036 2.780918 6.262801 7.075462 7.384264
0.5970877 0.7444204 1.810293 1.977416 2.094225 2.695653 3.442417 5.637378 5.999785 6.845022 8.487764 9.126879 9.773905 9.916656 10.70762
0.705506 0.7061093 0.8091996 0.9362878 1.05578 1.134248 1.525476 2.119136 2.226379 2.311338 4.184933 6.310385 6.705645 9.768441 10.18538
0.6334374 0.858206 0.8770885 0.8994962 1.050415 1.419603 1.739408 2.007908 2.35431 5.947659 6.099669 8.430185 9.88212 10.88263 11.06192
0.6148361 0.8348835 0.9905011 1.03626 1.050237 1.072527 1.289386 1.499081 1.739342 2.050416 2.199055 8.742832 9.883898 11.05025 13.64909
0.8084472 0.9331588 0.9532223 1.12099 1.280152 1.312337 1.344661 1.397037 1.447531 1.650083 1.715101 2.220884 5.458274 5.469112 8.682368
0.6591325 0.7388429 0.8365266 1.450313 1.6466 1.649104 1.658666 1.953687 1.991429 2.526143 5.436532 7.053236 8.938983 9.08895 10.58095
0.6207694 0.6611164 0.8274599 1.180166 1.232917 1.288499 1.511223 1.601471 1.752711 2.04188 2.287023 6.176455 6.549607 7.640081 10.49664
0.5973953 0.7194017 0.8720615 0.9240865 1.050206 1.11361 1.29966 1.428381 1.725722 1.779458 1.967554 2.105829 3.381533 5.828535 11.79606
0.6858779 0.7741745 1.029084 1.254088 1.306751 1.338894 1.394572 1.409679 1.627727 1.643867 2.822985 7.901072 8.166221 10.09622 11.98641
0.5365134 0.5883095 0.5892467 1.107849 1.167891 1.332468 1.621732 1.965476 2.435771 2.482025 2.617009 6.072045 7.135336 7.629425 9.632426
0.5690132 0.9424058 1.273417 1.355929 1.702572 1.772707 2.041041 2.368067 4.665218 5.703828 6.220073 6.745519 7.462805 7.579268 9.416885
0.8182258 0.9197806 0.925447 0.9737269 1.12035 1.211471 1.393642 1.519066 1.609063 1.697538 3.751191 6.904593 7.113781 8.07386 10.4995
0.598621 0.8040678 1.034624 1.176006 1.196551 1.226378 1.369443 1.913077 1.964093 2.114302 8.195954 8.522346 9.994432 12.04137 13.69376
0.7396073 0.7578208 0.8207241 0.8919207 0.9048949 1.18783 1.633171 1.850086 2.020909 2.036775 2.211617 5.496331 6.165019 7.15175 12.52493
0.6416251 0.9146421 0.9794345 0.9905833 1.058187 1.326185 1.344242 1.516233 1.594437 2.089947 2.692355 3.043515 7.069407 9.490386 10.16657
0.7858893 0.8207116 1.154726 1.264405 1.514372 1.833107 1.863458 3.468807 4.052546 5.062228 5.410008 5.832307 7.710602 9.024247 12.11278
0.8182802 0.8918883 0.9180895 1.001164 1.278512 1.32542 1.366108 1.424235 1.567917 2.073597 2.404185 5.477711 7.444459 8.009186 10.95505
0.8210372 1.020316 1.060652 1.098852 1.268505 1.342207 1.372385 2.368384 2.648704 6.897396 8.152289 8.514216 9.972259 10.03884 12.63701
0.6591369 0.7780077 0.8876443 0.9088842 0.9863124 1.103102 1.205445 1.509543 1.580952 1.816901 2.462677 2.833667 3.319847 9.234478 9.533597
0.9314447 0.9985693 1.267222 1.287567 1.30855 1.54353 1.547541 1.593604 1.888789 1.971449 2.508178 2.694254 8.856186 9.063513 11.2594
0.7099891 0.925637 0.938826 1.021051 1.410764 1.436719 1.519676 1.525805 1.616559 1.700023 2.632121 5.089071 7.278835 9.232754 11.00828
0.7812168 0.9998197 1.169441 1.202391 1.248649 1.634922 1.728366 1.986937 2.128652 2.382143 2.955715 4.654308 6.405686 10.13905 11.78262
1.019331 1.042169 1.085681 1.245847 1.281304 1.722453 1.793698 1.895287 2.754859 3.419503 6.42117 9.036007 9.309572 9.92032 11.3901
0.5913801 0.6049654 0.9858185 0.991596 1.024948 1.067952 1.162296 1.42648 1.88774 1.949864 3.724 5.850066 6.916833 7.143239 7.849924
0.6897217 0.7615971 0.7844679 0.875489 0.9544947 0.9811517 1.087159 1.252626 1.275377 1.276721 1.284167 2.561527 5.867276 7.377255 11.73259
0.7176758 0.8756797 1.038928 1.204691 1.41856 1.571234 1.782178 1.879097 2.215058 2.498894 8.48549 8.580854 9.365389 9.932154 12.49028
0.8006477 0.9135746 1.012509 1.226726 1.314919 1.374865 1.658256 1.868412 1.890123 2.221488 2.482779 4.659465 6.034958 7.399486 10.75855
0.4765782 0.6411464 0.6934176 0.776239 0.9301148 1.040122 1.089548 1.311237 3.717147 5.395889 6.721327 8.090102 8.532613 9.847887 10.81178
0.5972449 0.7383529 0.9238901 1.216163 1.233785 1.245071 1.321679 1.466158 1.54774 1.569262 2.15621 4.090384 6.38935 8.559326 11.4567
0.5992622 0.988816 1.029356 1.052379 1.285063 1.938458 2.061654 4.604598 6.694415 8.542091 8.928727 9.313249 10.58668 11.46276 15.49288
0.7546807 0.9771415 1.08489 1.213894 1.34028 1.43722 1.452614 1.816466 1.87936 1.925684 2.575849 6.213712 6.66619 11.28226 11.4765
0.6355386 0.7186527 0.8510556 0.9459323 1.036541 1.095529 1.113831 1.155283 1.673292 1.836533 1.992266 2.731779 8.66586 10.00292 10.66785
0.6429375 0.7102118 0.8511961 0.9350874 1.040743 1.070102 1.071342 1.086941 1.532653 1.603307 2.137661 2.584842 7.855608 9.243877 9.725662
1.121312 1.404987 1.471915 1.623202 1.750681 1.759916 1.784919 2.31337 2.731045 3.107404 3.264886 5.870708 7.34916 7.930068 11.79218
1.337213 1.612596 1.822364 1.837684 1.856327 2.057001 2.066552 2.172012 2.33308 6.028363 6.054049 6.590818 8.16773 10.16409 11.09372
0.7350466 0.8838446 1.158033 1.213604 1.22554 1.266593 1.354356 1.393524 1.573361 1.685898 2.637594 3.504115 4.638814 9.68504 9.983171
0.7734095 0.9802267 1.248772 1.725308 1.760874 1.76334 1.879563 2.20301 2.225479 5.504129 5.78221 8.769948 8.843559 8.999606 10.63363
0.9174894 1.095608 1.31144 1.411578 1.441702 1.861374 2.053798 2.228874 6.608351 6.853004 7.15657 8.105841 8.909429 9.666114 10.43447
0.8070299 0.900394 1.329166 1.508647 1.52964 1.586129 1.614259 1.785111 1.93794 2.03204 8.260952 8.496604 9.341734 9.939693 10.2693
0.60194 0.617079 1.072058 1.199468 1.21366 1.321968 1.42231 1.911823 2.508834 2.934972 3.129375 4.790561 8.276219 8.764105 10.12732
0.7856469 0.7886986 0.9246152 1.609637 1.725201 1.784535 2.038279 2.242714 2.270725 5.726641 6.972343 7.158568 9.069886 9.864874 11.75672
0.6153484 0.9892557 0.9994987 1.27845 1.304541 1.466553 1.59994 1.63378 2.403235 5.847694 6.333005 6.635447 7.927057 8.714097 10.99177
0.7941989 0.9100685 0.9244998 1.065212 1.134463 1.258531 1.404146 1.63567 1.780294 4.101799 6.150237 6.414735 8.254529 9.317074 9.930955
0.6645718 1.037672 1.142952 1.169461 1.525646 1.706098 1.91613 2.019067 2.049424 2.530551 5.814998 8.944788 9.3128 10.42292 11.1797
0.6629888 0.7664051 0.793059 1.077512 1.1294 1.458903 1.549814 1.737182 1.771012 1.95078 2.112607 2.190771 7.130827 11.62626 11.71456
0.6018568 0.920619 1.449919 1.456291 1.46521 1.555871 1.644331 1.73987 1.944137 2.173109 6.096666 9.665648 9.801666 11.73315 11.78444
0.8144454 0.9049401 0.9418531 1.101062 1.209522 1.297584 1.390536 1.435262 1.49387 1.819045 2.145243 2.369172 3.999291 7.990163 9.594019
0.5877642 0.9277993 0.9649045 0.9929642 1.189339 1.221022 1.589254 2.191498 2.245775 2.607704 2.826869 4.908014 6.131226 8.420452 12.03322
0.8656031 1.395398 1.450692 1.482916 1.583212 1.78704 1.89578 2.296978 2.38127 3.94258 5.640567 6.003849 6.961979 7.34092 8.032097
0.6458022 0.7768418 0.8772194 1.100574 1.123014 1.1554 1.271872 1.285786 1.91364 2.891282 3.173473 5.865378 6.589815 7.752486 8.369369
0.9530757 1.103896 1.400963 1.464353 1.705927 1.732045 1.777204 1.916988 6.776305 6.853097 7.406528 7.53843 8.082141 11.16354 14.32409
0.6519385 0.7095509 0.8571953 0.9880333 1.030187 1.149023 1.250533 1.522967 1.558191 1.646743 2.516583 2.665809 3.34436 8.498975 9.58352
0.7321176 0.9259857 1.143215 1.210835 1.334366 1.498704 1.747842 3.733673 4.42699 6.471659 6.971973 8.642225 9.681037 10.56857 11.61642
0.5884433 0.9321573 0.9805628 1.055017 1.07354 1.098281 1.265456 1.745262 1.844724 2.117578 2.316633 2.808379 8.325144 9.485664 11.03782
0.5574093 0.6021687 0.8184528 0.9042538 0.9559814 1.243879 1.339521 1.721449 1.743491 1.78558 1.832697 2.887494 7.627664 8.060237 8.103529
0.8571249 0.8637796 0.8884765 0.927252 1.164028 1.165894 1.929748 2.133345 2.153522 3.682493 5.321235 9.362704 9.827195 10.68226 11.55206
0.7964327 0.8842275 1.226227 1.2817 1.608772 1.689216 1.720311 1.755151 1.914829 2.447038 2.75363 2.870569 9.371343 9.539237 14.26064
0.6326471 0.8112857 1.0785 1.099516 1.203164 1.302256 1.305712 1.335783 1.407395 1.422478 1.926674 3.304762 5.590439 8.748939 10.90027
0.6844969 0.8396912 0.8797265 1.058283 1.23095 1.251553 1.517733 1.626877 1.778242 2.280824 2.349152 6.295447 9.424363 9.760424 10.61401
0.7227076 1.086651 1.25792 1.425378 1.480998 2.433289 2.520995 6.182497 7.553664 8.401823 8.441714 8.543321 8.858079 8.9059 10.44952
1.003773 1.227841 1.258201 1.326186 1.528379 1.601656 2.013086 2.353053 3.226014 7.373804 8.511526 8.74878 8.850931 10.01844 12.91117
0.7747573 0.8383993 0.9457648 1.236403 1.303557 1.313143 1.337165 1.366709 1.396289 1.848797 2.035645 2.067769 2.36003 2.689759 9.860519
0.6635841 0.7198562 0.8636725 0.8872149 0.8964731 1.022149 1.030372 1.3012 1.32234 1.39873 2.146706 4.848406 8.77385 9.3106 10.7649
0.4763142 0.5664666 0.7249067 0.902655 1.028283 1.069739 1.232385 1.34156 1.40082 1.488522 2.004667 2.379183 2.550868 2.551963 5.345009
0.5499651 0.7990851 0.8151564 0.837669 0.8741445 1.06947 1.100642 1.265046 1.454729 1.857834 2.139203 2.298978 7.674452 7.858603 13.60584
0.8046876 1.069145 1.085333 1.138513 1.143119 1.344001 1.393279 1.436052 1.619461 1.860511 2.002986 2.04995 2.142198 2.856106 5.777699
0.6244495 0.6558425 0.8086495 0.9090569 0.9555702 1.097475 1.123812 1.150485 1.158815 1.552573 1.657386 8.217949 9.075328 9.511308 9.809562
0.6467162 0.7469811 0.7971919 0.9267766 0.9485073 0.9757918 1.025776 1.38689 1.663358 2.279266 2.730045 3.132626 5.015855 7.071884 7.447982
0.6403652 0.8372716 1.15133 1.318398 1.328218 1.36898 1.533839 2.665895 2.774783 5.518821 6.503938 8.847994 9.869394 11.60233 12.14342
0.90853 0.9711276 1.162551 1.206825 1.649077 1.677419 1.894888 2.119348 2.333152 5.055756 6.228136 7.500985 7.508783 8.265411 8.562048
0.8906862 1.052921 1.092565 1.303488 1.332134 1.419087 1.672321 1.99233 2.195829 3.643976 6.367549 8.736594 9.445899 9.5113 9.676171
0.9827925 1.003556 1.262555 1.65461 1.664546 1.786708 2.353061 5.035335 6.062614 6.516186 6.974997 7.072038 8.949648 9.662904 10.16354
0.6506999 0.7342839 1.077052 1.126975 1.172948 1.183637 1.27436 1.502778 1.676979 2.00972 3.031063 4.631694 6.004084 7.933304 9.812695
0.7081168 1.236825 1.274259 1.362443 1.619306 1.642447 1.799942 1.845749 2.167195 2.650794 2.763965 7.117342 8.533879 10.59166 10.91449
0.5709689 0.6283897 0.9808435 1.029176 1.070555 1.256788 1.30088 1.316122 1.383393 1.593444 1.654741 2.060938 3.900846 7.656315 11.60672
0.9941654 1.205265 1.299446 1.505282 1.98101 2.281951 2.402628 3.035383 7.058546 8.243596 8.258644 8.681567 9.739003 10.56542 11.44316
1.038557 1.349256 1.424893 1.427144 1.641306 1.650943 1.810055 2.46094 2.617982 7.048728 7.617464 8.599138 8.697367 9.034534 9.839354
0.5687099 0.6768601 0.8476102 0.9249607 1.087934 1.15967 1.216762 1.262939 1.66235 1.972419 1.975968 2.382273 2.385177 3.627824 8.149545
0.7996661 1.055029 1.083552 1.298624 1.576534 1.630895 1.682333 2.143947 4.163755 6.359665 7.719989 8.451883 8.556939 9.241972 9.876597
0.6666932 0.7229187 0.9810571 1.022256 1.389834 1.400984 1.657734 1.700319 1.87555 2.016167 2.098168 2.112106 7.289343 8.648797 9.220487
0.7921934 0.9466857 1.302419 1.528541 1.618876 2.006124 2.200017 2.262685 2.455762 2.739351 2.883247 8.530499 11.22239 11.54823 12.98501
0.9493589 1.09128 1.201407 1.270693 1.367627 1.395453 1.596297 1.767242 1.819444 1.966899 1.995646 3.126337 10.13049 10.41693 11.89914
0.802752 0.9647841 1.007659 1.069373 1.072838 1.206499 1.294849 1.408525 2.229237 2.878244 3.077246 4.917781 7.135326 11.20626 13.71404
0.8805167 0.9703968 1.023299 1.20323 1.372484 1.439947 1.647825 1.672011 3.569799 5.565963 6.859919 7.048544 7.901124 8.712198 9.723588
0.868773 0.9152737 0.9622196 1.15016 1.18548 1.229209 1.413429 1.538905 1.806319 1.855125 2.791267 6.840876 7.717489 10.31621 10.54351
0.738388 1.0726 1.215955 1.530299 1.629284 1.708308 1.733728 1.788216 2.018894 2.066573 4.448172 8.257222 8.843533 8.920345 10.73177
0.8845016 0.9712066 1.002206 1.065047 1.328731 1.413813 1.581399 1.632763 1.71852 2.120133 2.3176 2.373776 2.686421 10.65148 12.5474
0.7149773 0.7197093 0.7975099 0.8283723 0.8582591 1.127195 1.157264 1.207688 1.363615 1.458286 1.484843 2.474599 9.425203 11.34382 12.85963
