3.28908
3.139801
3.197466
3.200284
3.195827
3.089766
3.439576
3.36206
2.95543
3.419029
3.542144
3.345543
2.760215
3.135505
3.110723
3.28944
3.499979
3.139191
3.27303
3.346061
3.321456
3.031702
3.029926
3.32752
3.20818
3.256202
3.321718
3.011215
3.347483
3.172859
3.340084
3.384029
3.311743
3.232368
3.17516
3.217053
3.418189
3.207388
3.284271
2.963076
3.327856
2.955596
3.332207
3.369184
3.346729
3.11066
3.03411
3.361278
3.086859
3.104269
3.244501
3.110941
3.038235
3.156153
3.223129
3.201466
3.309508
3.197482
3.441894
3.154162
3.127151
3.229833
3.091486
3.356341
3.068531
3.278978
3.290006
3.113223
3.218651
3.407715
3.290616
2.977387
3.120112
3.510354
3.341872
3.321754
3.285888
3.548856
3.339506
3.22139
3.078008
3.152437
3.212448
3.000384
3.283645
3.190832
3.43464
2.980136
3.143809
3.355091
3.11472
3.350386
3.059318
3.341502
3.223114
3.182228
3.3604
3.231854
3.405978
3.402011
