1.990747
2.145481
2.153634
2.097416
1.96805
2.302572
2.280327
1.904995
2.173786
2.141736
2.25484
2.21486
2.175431
1.947858
2.280953
2.042501
2.05511
2.217364
2.043507
2.197133
2.109937
1.940894
2.094074
2.529464
2.091469
2.361747
2.132672
2.123068
1.828423
2.117788
1.939119
2.608195
1.984643
2.000218
2.051951
1.836252
2.333769
2.013296
1.98882
2.202481
2.13272
2.071948
2.055278
2.110087
1.956268
1.904631
2.244029
2.217008
2.051851
1.979879
2.03505
1.822021
2.415177
2.101739
2.20991
1.916354
1.97575
2.077834
2.046068
2.235301
2.086561
2.11492
2.160509
1.688373
2.163213
2.152556
2.412366
1.989487
2.073719
2.241357
2.230862
1.814673
2.334238
2.230264
1.755024
1.873507
2.225171
2.152672
2.562495
2.415759
1.817388
2.246739
2.034921
2.098042
2.117694
2.010643
2.021169
2.461118
1.882287
2.019018
2.317231
2.203863
2.148378
2.075171
1.91369
2.203328
1.90266
2.092951
1.985059
2.043135
