2.175174
2.136933
2.195408
2.184105
2.155021
2.207764
2.191543
2.189653
2.172052
2.190549
2.137458
2.182125
2.17104
2.226278
2.166444
2.186995
2.178582
2.156677
2.154732
2.214383
2.161075
2.174213
2.157588
2.190853
2.177364
2.166503
2.215277
2.187511
2.237127
2.157082
2.213884
2.196812
2.154178
2.166715
2.168883
2.199172
2.200815
2.176985
2.198197
2.166816
2.187541
2.165736
2.212796
2.217406
2.207764
2.17522
2.195679
2.173613
2.187047
2.178413
2.160821
2.155813
2.140606
2.181559
2.18753
2.193749
2.178094
2.139032
2.178152
2.158067
2.176154
2.217251
2.24635
2.186834
2.181925
2.149813
2.184418
2.148389
2.139644
2.164846
2.190452
2.185164
2.160388
2.185179
2.16449
2.176712
2.191572
2.182952
2.138532
2.155524
2.159006
2.160584
2.174224
2.149834
2.187968
2.171791
2.187176
2.181162
2.158659
2.160832
2.188962
2.205387
2.188459
2.169006
2.162259
2.132476
2.170101
2.153197
2.141416
2.1962
