1.427862 2.896508 4.404083 5.860526 7.406595 8.995992 10.52543 12.00776 13.56827 15.09284 16.57189 18.03275 19.45885 20.97109 22.43158
1.577311 3.042616 4.526351 6.040678 7.585013 9.080468 10.53847 12.10818 13.58041 15.14467 16.65214 18.16396 19.64959 21.14786 22.57227
1.572264 3.01464 4.523305 6.011972 7.586454 9.08458 10.51225 11.9502 13.41083 14.85838 16.29972 17.73967 19.19781 20.76401 22.36171
1.48328 2.938273 4.38437 5.88093 7.439244 8.85843 10.32734 11.79341 13.23581 14.75402 16.29388 17.86937 19.42664 20.92794 22.38186
1.629875 3.181849 4.677977 6.133461 7.613665 9.12983 10.56125 12.01827 13.48952 15.05553 16.66456 18.25893 19.65761 21.1243 22.55291
1.376005 2.79195 4.252536 5.723564 7.175406 8.652498 10.09147 11.57234 13.08475 14.62613 16.18436 17.7588 19.31322 20.78232 22.3875
1.462644 2.93707 4.455167 5.964402 7.495979 8.930992 10.34673 11.77735 13.21404 14.74479 16.20595 17.76313 19.33989 20.8813 22.42779
1.462974 2.877027 4.381594 5.94582 7.515122 8.99737 10.43865 11.84668 13.37906 14.85275 16.36127 17.91749 19.4143 20.89528 22.4327
1.537285 2.969688 4.38757 5.789859 7.215614 8.701917 10.19849 11.7708 13.23374 14.82861 16.35744 17.93477 19.45327 21.00634 22.45306
1.457759 2.858016 4.329388 5.799808 7.26175 8.743552 10.25753 11.77574 13.25734 14.80314 16.29496 17.75461 19.26065 20.74045 22.34348
1.558414 3.164244 4.810279 6.432494 8.002481 9.482152 10.8739 12.32903 13.75482 15.17751 16.70059 18.11911 19.55589 21.07562 22.47073
1.425913 2.803416 4.253548 5.601793 6.980385 8.375773 9.863282 11.37882 12.99255 14.57057 16.13603 17.71349 19.30397 20.85284 22.46054
1.511001 2.973452 4.458302 6.006434 7.565829 9.045719 10.54802 11.99004 13.49945 14.92295 16.35322 17.78001 19.34563 20.85957 22.46613
1.394468 2.74054 4.115123 5.535004 6.996866 8.43542 9.915668 11.40252 12.80852 14.30511 15.9058 17.48325 19.09132 20.7433 22.31564
1.518001 2.939261 4.439103 6.023952 7.494868 8.936979 10.46723 12.02491 13.48482 14.99982 16.39032 17.84696 19.40191 20.93034 22.40555
1.479925 2.977375 4.374033 5.844041 7.246461 8.697359 10.15179 11.58227 13.03456 14.51482 16.0188 17.57965 19.18259 20.78574 22.38874
1.449014 2.954918 4.436717 5.974219 7.516302 9.107425 10.57791 12.13838 13.59705 15.03464 16.51883 18.0257 19.48357 21.01452 22.46706
1.571043 3.062565 4.578327 6.114306 7.589267 9.084461 10.62597 12.07758 13.52162 14.94354 16.38836 17.8854 19.37978 20.90637 22.4373
1.481803 3.00315 4.538654 6.05839 7.498392 9.02718 10.55621 12.02863 13.53535 15.09279 16.56121 18.0613 19.56789 21.07667 22.52849
1.471791 2.873392 4.181195 5.58524 6.965442 8.385616 9.848253 11.23012 12.77262 14.26561 15.78256 17.37722 18.99212 20.62167 22.31674
1.441454 2.935835 4.487802 6.056445 7.567582 9.045493 10.56607 12.14447 13.72195 15.22873 16.72171 18.20031 19.62766 21.07256 22.50131
1.446147 2.976558 4.507185 6.038305 7.474846 9.004688 10.508 11.95825 13.36642 14.78131 16.20684 17.68536 19.28212 20.85908 22.45527
1.440451 2.894623 4.398668 5.950789 7.501443 9.115909 10.61507 12.25748 13.84848 15.38036 16.86136 18.30631 19.72815 21.15452 22.58225
1.362654 2.766655 4.254369 5.79234 7.282703 8.797132 10.31829 11.91408 13.47148 14.98367 16.53746 18.0193 19.49752 20.94371 22.41625
1.423345 2.953848 4.440048 5.854441 7.348657 8.836659 10.35317 11.91852 13.40468 14.86503 16.30155 17.76862 19.30481 20.81212 22.43606
1.48189 2.86523 4.319124 5.787832 7.293753 8.777974 10.29171 11.78677 13.31265 14.89451 16.50389 17.97769 19.53864 21.1056 22.50229
1.398716 2.746592 4.118722 5.534269 6.905587 8.329214 9.696871 11.08593 12.59797 14.10223 15.79748 17.42032 19.03347 20.67437 22.24075
1.350049 2.829399 4.381933 5.912485 7.394394 8.828908 10.21594 11.74854 13.20493 14.70274 16.22854 17.76258 19.30121 20.87593 22.4273
1.307682 2.584522 3.880886 5.205907 6.575796 7.96537 9.390791 10.89726 12.4417 14.04442 15.64026 17.14775 18.74382 20.45644 22.22528
1.514574 3.138917 4.648032 6.115638 7.67487 9.181668 10.66777 12.11065 13.49343 14.90083 16.42392 17.91446 19.40733 20.92589 22.45434
1.454479 2.88145 4.256102 5.680019 7.047998 8.415693 9.818045 11.26268 12.68726 14.22013 15.78187 17.38244 19.06926 20.66479 22.33388
1.377367 2.754068 4.139512 5.618139 7.083639 8.471179 9.916094 11.50249 13.03692 14.51421 16.06737 17.58247 19.10545 20.71293 22.33041
1.498792 2.949799 4.487038 5.978344 7.567504 9.113918 10.54101 12.01202 13.46159 14.8675 16.28556 17.76122 19.32852 20.89137 22.47306
1.592255 3.106974 4.548268 6.104268 7.646087 9.140734 10.64396 12.15605 13.69793 15.19969 16.64715 18.09423 19.54099 21.03898 22.49516
1.421908 2.823438 4.247563 5.734196 7.190214 8.746689 10.26708 11.79534 13.34026 14.92565 16.40873 17.93805 19.50334 20.97769 22.47843
1.427275 2.88647 4.37818 5.837745 7.323816 8.731226 10.12863 11.53375 12.96688 14.52018 16.09032 17.67787 19.33533 20.91588 22.42776
1.362159 2.826586 4.288178 5.683393 7.178599 8.62242 10.05912 11.50394 12.93263 14.30984 15.71104 17.31178 18.99244 20.65059 22.33685
1.54701 2.997855 4.472926 6.058549 7.528044 9.001129 10.49189 11.98003 13.54288 14.99785 16.48071 18.01633 19.50262 21.00664 22.55161
1.473403 2.88895 4.308571 5.696469 7.133236 8.582288 10.05087 11.53355 13.07592 14.62529 16.18705 17.80429 19.36865 20.89725 22.39483
1.497892 3.007465 4.507285 5.98841 7.464371 8.906159 10.38666 11.8584 13.40746 14.93999 16.41971 17.8823 19.41161 20.98645 22.50335
1.389698 2.762231 4.213922 5.713834 7.200036 8.644668 10.16098 11.69778 13.29132 14.77936 16.27835 17.75979 19.33844 20.8696 22.46769
1.555465 3.001264 4.453768 5.888316 7.406018 8.950003 10.5171 11.99351 13.54109 15.06982 16.58624 18.10961 19.62323 21.11001 22.55199
1.419805 2.887351 4.352086 5.776336 7.189376 8.591719 10.05027 11.59792 13.07861 14.61531 16.19856 17.79545 19.36239 20.87086 22.41134
1.35995 2.721125 4.1396 5.570839 6.97939 8.398835 9.836629 11.29313 12.76155 14.34577 15.94527 17.48908 19.08963 20.65857 22.37222
1.420522 2.903048 4.364407 5.82199 7.278645 8.673869 10.06629 11.48659 12.99892 14.48592 15.99769 17.59062 19.17986 20.73922 22.3832
1.464068 2.913906 4.429944 5.960737 7.448806 8.992771 10.51888 12.09463 13.72317 15.26619 16.75651 18.20644 19.66828 21.14638 22.60861
1.461943 2.883292 4.413449 5.839323 7.34847 8.845418 10.36928 11.8321 13.26175 14.70421 16.21562 17.72182 19.25797 20.79565 22.41422
1.475864 2.943873 4.412124 5.906146 7.450559 8.978791 10.43024 11.90335 13.43337 14.94642 16.43639 17.95453 19.51411 21.05107 22.54575
1.376048 2.752998 4.196094 5.765842 7.22427 8.79984 10.30486 11.73063 13.16894 14.59924 16.04886 17.6096 19.1756 20.76056 22.47543
1.552027 3.020738 4.47755 5.933318 7.370341 8.75571 10.14227 11.58001 13.01076 14.5538 16.0688 17.58751 19.0519 20.59162 22.26054
1.557414 3.076527 4.567638 6.050992 7.512376 9.007086 10.43624 11.98852 13.49261 15.00255 16.49403 17.97523 19.43696 20.93422 22.45745
1.489491 3.02478 4.594626 6.130993 7.661519 9.211638 10.72806 12.28428 13.78813 15.26073 16.68553 18.22229 19.72874 21.15538 22.58628
1.645386 3.191899 4.72156 6.315997 7.832404 9.368831 10.82729 12.30439 13.79706 15.28251 16.68513 18.15058 19.64653 21.10598 22.54286
1.39768 2.774072 4.282736 5.799473 7.348518 8.85591 10.3486 11.78843 13.27136 14.72473 16.23158 17.75317 19.32569 20.94063 22.48051
1.434311 2.912378 4.376827 5.835513 7.299931 8.763559 10.25954 11.72159 13.18545 14.69711 16.20011 17.77255 19.28109 20.81996 22.39467
1.443584 2.981742 4.391874 5.825231 7.180659 8.575014 10.04921 11.55912 13.09544 14.59898 16.21765 17.78472 19.3483 20.89215 22.49077
1.398371 2.804141 4.187258 5.683591 7.109193 8.618274 10.21746 11.78497 13.35856 14.90856 16.49792 18.05233 19.55426 21.09302 22.53157
1.740382 3.380137 4.940928 6.474979 7.920813 9.310219 10.68179 12.05864 13.40336 14.87465 16.41624 17.91182 19.41658 20.96003 22.47264
1.407924 2.804229 4.200203 5.578588 7.062119 8.560951 10.14175 11.65626 13.08985 14.56843 16.11463 17.71092 19.2894 20.86452 22.37546
1.506482 3.125895 4.685471 6.164554 7.709994 9.165072 10.64762 12.13506 13.57095 15.01129 16.46122 17.93013 19.42703 20.94809 22.39732
1.457326 2.885696 4.335327 5.822885 7.230396 8.768703 10.26461 11.72095 13.30532 14.86922 16.42306 17.92151 19.47116 20.97963 22.51541
1.30522 2.583472 4.024178 5.452954 6.918199 8.376606 9.851373 11.39052 12.91897 14.40136 15.90664 17.48523 19.07258 20.72801 22.42433
1.285234 2.589087 3.985756 5.435946 6.877468 8.299263 9.720651 11.09284 12.49805 13.95686 15.48783 17.02627 18.62558 20.36206 22.18413
1.439078 2.851212 4.31862 5.854316 7.359008 8.863206 10.32432 11.75839 13.25006 14.67224 16.12108 17.59226 19.07713 20.72788 22.36924
1.432137 2.901659 4.419159 5.912366 7.403177 8.924383 10.43566 12.00882 13.47994 15.04466 16.5553 18.06189 19.55792 21.04278 22.51481
1.499836 3.00649 4.5396 6.058699 7.623323 9.216053 10.74914 12.2174 13.68399 15.14417 16.60748 18.10222 19.59948 21.0061 22.48449
1.436283 2.880017 4.309263 5.752101 7.145839 8.649444 10.17033 11.60128 13.14234 14.70392 16.29333 17.98315 19.56166 21.08389 22.55626
1.580769 3.104588 4.645677 6.138031 7.687762 9.193131 10.68074 12.14336 13.62577 15.04996 16.51148 17.93532 19.34547 20.82527 22.44786
1.491083 3.012326 4.638239 6.188802 7.79819 9.379863 11.0336 12.64681 14.13297 15.62295 17.08079 18.52127 19.91693 21.2925 22.61432
1.453928 2.932061 4.418671 5.978182 7.457598 8.951236 10.37022 11.85198 13.31937 14.77217 16.29462 17.86119 19.40631 20.94238 22.46514
1.454568 2.821125 4.233683 5.735832 7.218016 8.694822 10.15937 11.64975 13.14432 14.58352 16.10021 17.68398 19.24317 20.82338 22.46777
1.55516 2.953487 4.404582 5.808477 7.268148 8.683905 10.08097 11.56202 13.06061 14.50344 15.98913 17.53118 19.13479 20.7327 22.38816
1.401958 2.89296 4.379398 5.862448 7.314107 8.83436 10.33229 11.84475 13.32128 14.81546 16.34981 17.88308 19.3688 20.87692 22.39352
1.520749 2.95379 4.36018 5.783406 7.277589 8.726124 10.21276 11.64667 13.12285 14.66084 16.23978 17.79495 19.29131 20.86859 22.41888
1.439394 2.918135 4.383933 5.924483 7.42144 8.969025 10.51538 12.07614 13.60746 15.13677 16.62074 18.06159 19.50867 20.96814 22.49853
1.453817 2.907053 4.322911 5.800644 7.266178 8.65609 10.10907 11.52598 13.03551 14.50721 16.04288 17.5903 19.143 20.72048 22.34194
1.461312 2.910029 4.336698 5.817145 7.2737 8.874991 10.36733 11.85594 13.32795 14.82302 16.28038 17.77299 19.26675 20.86446 22.45219
1.372209 2.692828 4.109545 5.645963 7.164412 8.708064 10.26718 11.82928 13.34365 14.75766 16.19336 17.67347 19.21917 20.85537 22.38981
1.511919 3.169901 4.783256 6.335204 7.85414 9.444369 10.93313 12.47277 13.96695 15.55459 17.02495 18.48564 19.86913 21.23719 22.64922
1.534179 3.048178 4.484944 5.953337 7.429586 8.882614 10.2945 11.83916 13.34336 14.86098 16.42967 17.98708 19.50113 21.02189 22.48909
1.654317 3.160864 4.711575 6.156124 7.573756 8.984414 10.48215 11.98166 13.48941 14.93925 16.50962 18.08029 19.62798 21.0863 22.54549
1.438909 2.906785 4.47378 6.051873 7.528372 9.009853 10.54891 12.11097 13.64529 15.09249 16.58205 18.01737 19.48584 20.96367 22.48767
1.618987 3.157361 4.710867 6.151894 7.548854 8.962492 10.38804 11.8349 13.33926 14.83271 16.3536 17.87898 19.41794 20.97388 22.51664
1.545456 3.094621 4.665223 6.12795 7.612597 9.07728 10.52662 11.95185 13.4201 14.88555 16.40817 17.94755 19.48743 20.98658 22.52058
1.505946 2.926153 4.29087 5.717236 7.162362 8.658303 10.18072 11.74354 13.2623 14.80638 16.35541 17.86285 19.37711 20.92125 22.44288
1.502509 3.00889 4.55446 6.077137 7.550166 8.974628 10.37828 11.84011 13.4052 15.00113 16.52972 18.03234 19.52084 20.97995 22.49791
1.434602 2.900343 4.428491 6.023606 7.533158 9.005304 10.56389 12.07994 13.56187 15.0155 16.46557 17.95801 19.44871 20.97832 22.48052
1.471599 3.035872 4.488744 5.931877 7.38732 8.818354 10.33186 11.92081 13.43866 14.93376 16.45661 17.89846 19.34543 20.84506 22.43372
1.43963 2.894085 4.374348 5.889592 7.358737 8.857619 10.32692 11.81491 13.27603 14.81589 16.37549 17.91136 19.48213 20.98654 22.48861
1.614741 3.122885 4.583493 6.006911 7.394014 8.767196 10.22702 11.78101 13.36308 14.79197 16.31297 17.77381 19.27497 20.76155 22.3708
1.445507 2.837751 4.243062 5.714956 7.168775 8.610026 10.10921 11.68495 13.28385 14.8367 16.37811 17.92726 19.46715 20.97826 22.4894
1.455115 2.816829 4.150381 5.516805 6.892289 8.314501 9.763452 11.2378 12.73768 14.28451 15.86805 17.3905 18.98096 20.65074 22.3586
1.493625 2.937282 4.349599 5.785506 7.286991 8.754392 10.25093 11.66343 13.14783 14.67065 16.22589 17.73376 19.28963 20.78003 22.3957
1.385215 2.6812 4.041622 5.520068 7.003717 8.536959 9.997992 11.53444 13.1461 14.71474 16.26688 17.84015 19.38069 20.97149 22.53075
1.633316 3.192277 4.657246 6.087081 7.619448 9.144182 10.60491 12.04515 13.5415 15.12561 16.64322 18.15766 19.63404 21.04893 22.48663
1.430209 2.847477 4.40995 5.950819 7.440668 9.022971 10.61146 12.08833 13.57664 14.98122 16.46605 17.96588 19.55384 21.05248 22.56652
1.499715 3.020864 4.57806 6.103823 7.628924 9.110929 10.61783 12.16002 13.68363 15.20553 16.69871 18.17947 19.69083 21.13454 22.56406
1.586675 3.051619 4.473815 6.053408 7.699566 9.219595 10.76063 12.30773 13.79481 15.28622 16.8993 18.29908 19.70381 21.0709 22.4603
1.404003 2.841258 4.35603 5.820387 7.348056 8.87236 10.43432 12.00364 13.63832 15.1782 16.67517 18.19933 19.69319 21.16013 22.62135
1.389016 2.724497 4.201999 5.645581 7.09343 8.567452 10.01241 11.46224 13.03329 14.68428 16.26345 17.81614 19.38962 20.90706 22.40113
