2.057719
2.264934
2.391807
2.160176
2.038678
2.042586
2.136164
2.094492
2.458696
2.262785
2.287508
2.352775
2.016392
2.320055
2.128427
2.024978
2.238054
2.233727
2.2359
2.188182
2.075365
2.002615
2.385093
2.148999
2.386632
2.12717
2.162854
2.296732
2.265553
2.315739
2.065398
2.330176
2.190615
2.031921
2.00295
2.396568
2.317887
2.320145
2.207711
2.181835
2.284349
1.951892
2.184795
2.35844
2.269649
2.365659
2.286947
2.097678
2.128734
2.434172
2.180959
1.921961
2.31
2.371632
2.168444
2.228713
2.314251
2.090928
2.341199
2.477783
2.051683
2.248406
2.160937
2.31362
1.877642
2.020864
2.105429
2.163031
2.111969
2.073338
2.341949
1.964383
2.031204
2.30411
2.217648
2.054994
2.157346
2.233129
1.986608
2.058445
2.196196
2.329927
2.410569
2.312922
2.040319
2.062251
2.275849
2.004018
2.010606
2.370766
2.326255
2.115349
2.159411
2.156433
2.009322
2.37571
2.116
2.067432
2.442937
2.309132
