1.427862 1.427862 1.427862 1.427862 1.427862 1.427862 1.427862 1.427862 1.427862 1.427862 1.427862 1.427862 1.427862 1.427862 1.427862
1.577311 1.577311 1.577311 1.577311 1.577311 1.577311 1.577311 1.577311 1.577311 1.577311 1.577311 1.577311 1.577311 1.577311 1.577311
1.572264 1.572264 1.572264 1.572264 1.572264 1.572264 1.572264 1.572264 1.572264 1.572264 1.572264 1.572264 1.572264 1.572264 1.572264
1.48328 1.48328 1.48328 1.48328 1.48328 1.48328 1.48328 1.48328 1.48328 1.48328 1.48328 1.48328 1.48328 1.48328 1.48328
1.629875 1.629875 1.629875 1.629875 1.629875 1.629875 1.629875 1.629875 1.629875 1.629875 1.629875 1.629875 1.629875 1.629875 1.629875
1.376005 1.376005 1.376005 1.376005 1.376005 1.376005 1.376005 1.376005 1.376005 1.376005 1.376005 1.376005 1.376005 1.376005 1.376005
1.462644 1.462644 1.462644 1.462644 1.462644 1.462644 1.462644 1.462644 1.462644 1.462644 1.462644 1.462644 1.462644 1.462644 1.462644
1.462974 1.462974 1.462974 1.462974 1.462974 1.462974 1.462974 1.462974 1.462974 1.462974 1.462974 1.462974 1.462974 1.462974 1.462974
1.537285 1.537285 1.537285 1.537285 1.537285 1.537285 1.537285 1.537285 1.537285 1.537285 1.537285 1.537285 1.537285 1.537285 1.537285
1.457759 1.457759 1.457759 1.457759 1.457759 1.457759 1.457759 1.457759 1.457759 1.457759 1.457759 1.457759 1.457759 1.457759 1.457759
1.558414 1.558414 1.558414 1.558414 1.558414 1.558414 1.558414 1.558414 1.558414 1.558414 1.558414 1.558414 1.558414 1.558414 1.558414
1.425913 1.425913 1.425913 1.425913 1.425913 1.425913 1.425913 1.425913 1.425913 1.425913 1.425913 1.425913 1.425913 1.425913 1.425913
1.511001 1.511001 1.511001 1.511001 1.511001 1.511001 1.511001 1.511001 1.511001 1.511001 1.511001 1.511001 1.511001 1.511001 1.511001
1.394468 1.394468 1.394468 1.394468 1.394468 1.394468 1.394468 1.394468 1.394468 1.394468 1.394468 1.394468 1.394468 1.394468 1.394468
1.518001 1.518001 1.518001 1.518001 1.518001 1.518001 1.518001 1.518001 1.518001 1.518001 1.518001 1.518001 1.518001 1.518001 1.518001
1.479925 1.479925 1.479925 1.479925 1.479925 1.479925 1.479925 1.479925 1.479925 1.479925 1.479925 1.479925 1.479925 1.479925 1.479925
1.449014 1.449014 1.449014 1.449014 1.449014 1.449014 1.449014 1.449014 1.449014 1.449014 1.449014 1.449014 1.449014 1.449014 1.449014
1.571043 1.571043 1.571043 1.571043 1.571043 1.571043 1.571043 1.571043 1.571043 1.571043 1.571043 1.571043 1.571043 1.571043 1.571043
1.481803 1.481803 1.481803 1.481803 1.481803 1.481803 1.481803 1.481803 1.481803 1.481803 1.481803 1.481803 1.481803 1.481803 1.481803
1.471791 1.471791 1.471791 1.471791 1.471791 1.471791 1.471791 1.471791 1.471791 1.471791 1.471791 1.471791 1.471791 1.471791 1.471791
1.441454 1.441454 1.441454 1.441454 1.441454 1.441454 1.441454 1.441454 1.441454 1.441454 1.441454 1.441454 1.441454 1.441454 1.441454
1.446147 1.446147 1.446147 1.446147 1.446147 1.446147 1.446147 1.446147 1.446147 1.446147 1.446147 1.446147 1.446147 1.446147 1.446147
1.440451 1.440451 1.440451 1.440451 1.440451 1.440451 1.440451 1.440451 1.440451 1.440451 1.440451 1.440451 1.440451 1.440451 1.440451
1.362654 1.362654 1.362654 1.362654 1.362654 1.362654 1.362654 1.362654 1.362654 1.362654 1.362654 1.362654 1.362654 1.362654 1.362654
1.423345 1.423345 1.423345 1.423345 1.423345 1.423345 1.423345 1.423345 1.423345 1.423345 1.423345 1.423345 1.423345 1.423345 1.423345
1.48189 1.48189 1.48189 1.48189 1.48189 1.48189 1.48189 1.48189 1.48189 1.48189 1.48189 1.48189 1.48189 1.48189 1.48189
1.398716 1.398716 1.398716 1.398716 1.398716 1.398716 1.398716 1.398716 1.398716 1.398716 1.398716 1.398716 1.398716 1.398716 1.398716
1.350049 1.350049 1.350049 1.350049 1.350049 1.350049 1.350049 1.350049 1.350049 1.350049 1.350049 1.350049 1.350049 1.350049 1.350049
1.307682 1.307682 1.307682 1.307682 1.307682 1.307682 1.307682 1.307682 1.307682 1.307682 1.307682 1.307682 1.307682 1.307682 1.307682
1.514574 1.514574 1.514574 1.514574 1.514574 1.514574 1.514574 1.514574 1.514574 1.514574 1.514574 1.514574 1.514574 1.514574 1.514574
1.454479 1.454479 1.454479 1.454479 1.454479 1.454479 1.454479 1.454479 1.454479 1.454479 1.454479 1.454479 1.454479 1.454479 1.454479
1.377367 1.377367 1.377367 1.377367 1.377367 1.377367 1.377367 1.377367 1.377367 1.377367 1.377367 1.377367 1.377367 1.377367 1.377367
1.498792 1.498792 1.498792 1.498792 1.498792 1.498792 1.498792 1.498792 1.498792 1.498792 1.498792 1.498792 1.498792 1.498792 1.498792
1.592255 1.592255 1.592255 1.592255 1.592255 1.592255 1.592255 1.592255 1.592255 1.592255 1.592255 1.592255 1.592255 1.592255 1.592255
1.421908 1.421908 1.421908 1.421908 1.421908 1.421908 1.421908 1.421908 1.421908 1.421908 1.421908 1.421908 1.421908 1.421908 1.421908
1.427275 1.427275 1.427275 1.427275 1.427275 1.427275 1.427275 1.427275 1.427275 1.427275 1.427275 1.427275 1.427275 1.427275 1.427275
1.362159 1.362159 1.362159 1.362159 1.362159 1.362159 1.362159 1.362159 1.362159 1.362159 1.362159 1.362159 1.362159 1.362159 1.362159
1.54701 1.54701 1.54701 1.54701 1.54701 1.54701 1.54701 1.54701 1.54701 1.54701 1.54701 1.54701 1.54701 1.54701 1.54701
1.473403 1.473403 1.473403 1.473403 1.473403 1.473403 1.473403 1.473403 1.473403 1.473403 1.473403 1.473403 1.473403 1.473403 1.473403
1.497892 1.497892 1.497892 1.497892 1.497892 1.497892 1.497892 1.497892 1.497892 1.497892 1.497892 1.497892 1.497892 1.497892 1.497892
1.389698 1.389698 1.389698 1.389698 1.389698 1.389698 1.389698 1.389698 1.389698 1.389698 1.389698 1.389698 1.389698 1.389698 1.389698
1.555465 1.555465 1.555465 1.555465 1.555465 1.555465 1.555465 1.555465 1.555465 1.555465 1.555465 1.555465 1.555465 1.555465 1.555465
1.419805 1.419805 1.419805 1.419805 1.419805 1.419805 1.419805 1.419805 1.419805 1.419805 1.419805 1.419805 1.419805 1.419805 1.419805
1.35995 1.35995 1.35995 1.35995 1.35995 1.35995 1.35995 1.35995 1.35995 1.35995 1.35995 1.35995 1.35995 1.35995 1.35995
1.420522 1.420522 1.420522 1.420522 1.420522 1.420522 1.420522 1.420522 1.420522 1.420522 1.420522 1.420522 1.420522 1.420522 1.420522
1.464068 1.464068 1.464068 1.464068 1.464068 1.464068 1.464068 1.464068 1.464068 1.464068 1.464068 1.464068 1.464068 1.464068 1.464068
1.461943 1.461943 1.461943 1.461943 1.461943 1.461943 1.461943 1.461943 1.461943 1.461943 1.461943 1.461943 1.461943 1.461943 1.461943
1.475864 1.475864 1.475864 1.475864 1.475864 1.475864 1.475864 1.475864 1.475864 1.475864 1.475864 1.475864 1.475864 1.475864 1.475864
1.376048 1.376048 1.376048 1.376048 1.376048 1.376048 1.376048 1.376048 1.376048 1.376048 1.376048 1.376048 1.376048 1.376048 1.376048
1.552027 1.552027 1.552027 1.552027 1.552027 1.552027 1.552027 1.552027 1.552027 1.552027 1.552027 1.552027 1.552027 1.552027 1.552027
1.557414 1.557414 1.557414 1.557414 1.557414 1.557414 1.557414 1.557414 1.557414 1.557414 1.557414 1.557414 1.557414 1.557414 1.557414
1.489491 1.489491 1.489491 1.489491 1.489491 1.489491 1.489491 1.489491 1.489491 1.489491 1.489491 1.489491 1.489491 1.489491 1.489491
1.645386 1.645386 1.645386 1.645386 1.645386 1.645386 1.645386 1.645386 1.645386 1.645386 1.645386 1.645386 1.645386 1.645386 1.645386
1.39768 1.39768 1.39768 1.39768 1.39768 1.39768 1.39768 1.39768 1.39768 1.39768 1.39768 1.39768 1.39768 1.39768 1.39768
1.434311 1.434311 1.434311 1.434311 1.434311 1.434311 1.434311 1.434311 1.434311 1.434311 1.434311 1.434311 1.434311 1.434311 1.434311
1.443584 1.443584 1.443584 1.443584 1.443584 1.443584 1.443584 1.443584 1.443584 1.443584 1.443584 1.443584 1.443584 1.443584 1.443584
1.398371 1.398371 1.398371 1.398371 1.398371 1.398371 1.398371 1.398371 1.398371 1.398371 1.398371 1.398371 1.398371 1.398371 1.398371
1.740382 1.740382 1.740382 1.740382 1.740382 1.740382 1.740382 1.740382 1.740382 1.740382 1.740382 1.740382 1.740382 1.740382 1.740382
1.407924 1.407924 1.407924 1.407924 1.407924 1.407924 1.407924 1.407924 1.407924 1.407924 1.407924 1.407924 1.407924 1.407924 1.407924
1.506482 1.506482 1.506482 1.506482 1.506482 1.506482 1.506482 1.506482 1.506482 1.506482 1.506482 1.506482 1.506482 1.506482 1.506482
1.457326 1.457326 1.457326 1.457326 1.457326 1.457326 1.457326 1.457326 1.457326 1.457326 1.457326 1.457326 1.457326 1.457326 1.457326
1.30522 1.30522 1.30522 1.30522 1.30522 1.30522 1.30522 2.583472 1.30522 1.30522 1.30522 1.30522 1.30522 1.30522 1.30522
1.285234 1.285234 1.285234 1.285234 1.285234 1.285234 1.285234 1.285234 1.285234 1.285234 1.285234 1.285234 1.285234 1.285234 1.285234
1.439078 1.439078 1.439078 1.439078 1.439078 1.439078 1.439078 1.439078 1.439078 1.439078 1.439078 1.439078 1.439078 1.439078 1.439078
1.432137 1.432137 1.432137 1.432137 1.432137 1.432137 1.432137 1.432137 1.432137 1.432137 1.432137 1.432137 1.432137 1.432137 1.432137
1.499836 1.499836 1.499836 1.499836 1.499836 1.499836 1.499836 1.499836 1.499836 1.499836 1.499836 1.499836 1.499836 1.499836 1.499836
1.436283 1.436283 1.436283 1.436283 1.436283 1.436283 1.436283 1.436283 1.436283 1.436283 1.436283 1.436283 1.436283 1.436283 1.436283
1.580769 1.580769 1.580769 1.580769 1.580769 1.580769 1.580769 1.580769 1.580769 1.580769 1.580769 1.580769 1.580769 1.580769 1.580769
1.491083 1.491083 1.491083 1.491083 1.491083 1.491083 1.491083 1.491083 1.491083 1.491083 1.491083 1.491083 1.491083 1.491083 1.491083
1.453928 1.453928 1.453928 1.453928 1.453928 1.453928 1.453928 1.453928 1.453928 1.453928 1.453928 1.453928 1.453928 1.453928 1.453928
1.454568 1.454568 1.454568 1.454568 1.454568 1.454568 1.454568 1.454568 1.454568 1.454568 1.454568 1.454568 10.15937 1.454568 1.454568
1.55516 1.55516 1.55516 1.55516 1.55516 1.55516 1.55516 1.55516 1.55516 1.55516 1.55516 1.55516 1.55516 1.55516 1.55516
1.401958 1.401958 1.401958 1.401958 1.401958 1.401958 1.401958 1.401958 1.401958 1.401958 1.401958 1.401958 1.401958 1.401958 1.401958
1.520749 1.520749 1.520749 1.520749 1.520749 1.520749 1.520749 1.520749 1.520749 1.520749 1.520749 1.520749 1.520749 1.520749 1.520749
1.439394 1.439394 1.439394 1.439394 1.439394 1.439394 1.439394 1.439394 1.439394 1.439394 1.439394 1.439394 1.439394 1.439394 1.439394
1.453817 1.453817 1.453817 1.453817 1.453817 1.453817 1.453817 1.453817 1.453817 1.453817 1.453817 1.453817 1.453817 1.453817 1.453817
1.461312 1.461312 1.461312 1.461312 1.461312 1.461312 1.461312 1.461312 1.461312 1.461312 1.461312 1.461312 1.461312 1.461312 1.461312
1.372209 1.372209 1.372209 1.372209 1.372209 1.372209 1.372209 1.372209 1.372209 1.372209 1.372209 1.372209 1.372209 1.372209 1.372209
1.511919 1.511919 1.511919 1.511919 1.511919 1.511919 1.511919 1.511919 1.511919 1.511919 1.511919 1.511919 1.511919 1.511919 1.511919
1.534179 1.534179 1.534179 1.534179 1.534179 1.534179 1.534179 1.534179 1.534179 1.534179 1.534179 1.534179 1.534179 1.534179 1.534179
1.654317 1.654317 1.654317 1.654317 1.654317 1.654317 1.654317 1.654317 1.654317 1.654317 1.654317 1.654317 1.654317 1.654317 1.654317
1.438909 1.438909 1.438909 1.438909 1.438909 1.438909 1.438909 1.438909 1.438909 1.438909 1.438909 1.438909 1.438909 1.438909 1.438909
1.618987 1.618987 1.618987 1.618987 1.618987 1.618987 1.618987 1.618987 1.618987 1.618987 1.618987 1.618987 1.618987 1.618987 1.618987
1.545456 1.545456 1.545456 1.545456 1.545456 1.545456 1.545456 1.545456 1.545456 1.545456 1.545456 1.545456 1.545456 1.545456 1.545456
1.505946 1.505946 1.505946 1.505946 1.505946 1.505946 1.505946 1.505946 1.505946 1.505946 1.505946 1.505946 1.505946 1.505946 1.505946
1.502509 1.502509 1.502509 1.502509 1.502509 1.502509 1.502509 1.502509 1.502509 1.502509 1.502509 1.502509 1.502509 1.502509 1.502509
1.434602 1.434602 1.434602 1.434602 1.434602 1.434602 1.434602 1.434602 1.434602 1.434602 1.434602 1.434602 1.434602 1.434602 1.434602
1.471599 1.471599 1.471599 1.471599 1.471599 1.471599 1.471599 1.471599 1.471599 1.471599 1.471599 1.471599 1.471599 1.471599 1.471599
1.43963 1.43963 1.43963 1.43963 1.43963 1.43963 1.43963 1.43963 1.43963 1.43963 1.43963 1.43963 1.43963 1.43963 1.43963
1.614741 1.614741 1.614741 1.614741 1.614741 1.614741 1.614741 1.614741 1.614741 1.614741 1.614741 1.614741 1.614741 1.614741 1.614741
1.445507 1.445507 1.445507 1.445507 1.445507 1.445507 1.445507 1.445507 1.445507 1.445507 1.445507 1.445507 1.445507 1.445507 1.445507
1.455115 1.455115 1.455115 1.455115 1.455115 1.455115 1.455115 1.455115 1.455115 1.455115 1.455115 1.455115 1.455115 1.455115 1.455115
1.493625 1.493625 1.493625 1.493625 1.493625 1.493625 1.493625 1.493625 1.493625 1.493625 1.493625 1.493625 1.493625 1.493625 1.493625
1.385215 1.385215 1.385215 1.385215 1.385215 1.385215 1.385215 1.385215 1.385215 1.385215 1.385215 1.385215 1.385215 1.385215 1.385215
1.633316 1.633316 1.633316 1.633316 1.633316 1.633316 1.633316 1.633316 1.633316 1.633316 6.087081 1.633316 3.192277 1.633316 7.619448
1.430209 1.430209 1.430209 1.430209 1.430209 1.430209 1.430209 1.430209 1.430209 1.430209 1.430209 1.430209 1.430209 1.430209 1.430209
1.499715 1.499715 1.499715 1.499715 1.499715 1.499715 1.499715 1.499715 1.499715 1.499715 1.499715 1.499715 1.499715 1.499715 1.499715
1.586675 1.586675 1.586675 1.586675 1.586675 1.586675 1.586675 1.586675 1.586675 1.586675 1.586675 1.586675 1.586675 1.586675 1.586675
1.404003 1.404003 1.404003 1.404003 1.404003 1.404003 1.404003 1.404003 1.404003 1.404003 1.404003 1.404003 1.404003 1.404003 1.404003
1.389016 1.389016 1.389016 1.389016 1.389016 1.389016 1.389016 1.389016 1.389016 1.389016 1.389016 1.389016 1.389016 1.389016 1.389016
