3.787019
3.958067
3.866945
3.973497
3.849225
3.922206
3.980468
3.913601
3.697741
3.945577
3.973464
3.772323
3.322332
3.685003
2.938184
3.206307
3.733427
3.311242
3.85818
4.005567
3.58661
2.651889
3.397011
3.924437
4.000166
3.707801
3.968877
3.83906
3.725382
3.959421
3.949869
3.63248
3.9403
2.905484
3.197669
3.985706
3.834383
3.455633
4.008201
3.660225
3.95736
2.988836
3.946832
3.952082
3.930693
3.69068
3.879881
3.422726
2.885218
3.902307
3.730047
3.535233
3.839352
3.968804
3.233565
3.955965
3.673464
3.97008
3.795286
3.941032
3.99015
3.92688
3.95368
3.594279
2.418275
3.768104
3.765434
3.374357
2.733107
3.683416
3.976176
3.024609
4.010936
3.955176
3.707458
3.21979
3.718027
3.960888
2.9474
2.472917
3.939821
3.992971
3.668373
3.88198
4.006194
3.886083
3.774117
3.178515
3.914833
3.813662
3.923757
3.68339
3.963017
3.963432
3.076996
3.98716
3.318656
3.33105
3.97981
3.99974
