3.906412
3.754109
3.763639
3.849342
3.724868
3.952554
3.906084
3.902055
3.81068
3.863718
3.797624
3.883657
3.827508
3.8823
3.827037
3.891905
3.8689
3.778906
3.841911
3.899793
3.876205
3.896089
3.881797
3.953769
3.922979
3.877271
3.903249
3.963987
3.970891
3.813095
3.882958
3.959
3.846648
3.742745
3.901348
3.934561
3.922948
3.840533
3.894615
3.824302
3.944326
3.79132
3.886781
3.936723
3.868342
3.860864
3.854614
3.887457
3.915512
3.78332
3.790303
3.856991
3.677741
3.904505
3.881182
3.918518
3.938453
3.630139
3.956831
3.837986
3.889669
3.875884
4.01679
3.899342
3.895804
3.8616
3.903544
3.781945
3.836136
3.876513
3.775835
3.828319
3.950401
3.811331
3.858935
3.867265
3.88589
3.922176
3.833803
3.822188
3.699402
3.902162
3.712026
3.782769
3.88106
3.816653
3.903589
3.862048
3.873193
3.755553
3.8819
3.888196
3.851545
3.918461
3.466742
3.907091
3.843885
3.766438
3.92321
3.942666
