1.202053189277648926e+00 1.202053189277648926e+00 8.205976486206054688e+00 8.205976486206054688e+00 8.205976486206054688e+00 8.205976486206054688e+00 8.205976486206054688e+00 8.205976486206054688e+00 8.205976486206054688e+00 8.205976486206054688e+00 8.205976486206054688e+00 8.205976486206054688e+00 8.205976486206054688e+00 8.205976486206054688e+00 8.205976486206054688e+00
1.198868274688720703e+00 1.198868274688720703e+00 1.198868274688720703e+00 1.198868274688720703e+00 8.151260375976562500e+00 8.151260375976562500e+00 8.151260375976562500e+00 8.151260375976562500e+00 8.151260375976562500e+00 8.151260375976562500e+00 8.151260375976562500e+00 8.151260375976562500e+00 8.151260375976562500e+00 8.151260375976562500e+00 8.151260375976562500e+00
8.196243286132812500e+00 8.196243286132812500e+00 8.196243286132812500e+00 8.196243286132812500e+00 8.196243286132812500e+00 8.196243286132812500e+00 8.196243286132812500e+00 8.196243286132812500e+00 8.196243286132812500e+00 8.196243286132812500e+00 8.196243286132812500e+00 8.196243286132812500e+00 8.196243286132812500e+00 8.196243286132812500e+00 8.196243286132812500e+00
1.201568841934204102e+00 8.170137405395507812e+00 8.170137405395507812e+00 8.170137405395507812e+00 8.170137405395507812e+00 8.170137405395507812e+00 8.170137405395507812e+00 8.170137405395507812e+00 8.170137405395507812e+00 8.170137405395507812e+00 8.170137405395507812e+00 8.170137405395507812e+00 8.170137405395507812e+00 8.170137405395507812e+00 8.170137405395507812e+00
1.205936789512634277e+00 8.174386978149414062e+00 8.174386978149414062e+00 8.174386978149414062e+00 8.174386978149414062e+00 8.174386978149414062e+00 8.174386978149414062e+00 8.174386978149414062e+00 8.174386978149414062e+00 8.174386978149414062e+00 8.174386978149414062e+00 8.174386978149414062e+00 8.174386978149414062e+00 8.174386978149414062e+00 8.174386978149414062e+00
1.209334373474121094e+00 1.209334373474121094e+00 1.209334373474121094e+00 8.203651428222656250e+00 8.203651428222656250e+00 8.203651428222656250e+00 8.203651428222656250e+00 8.203651428222656250e+00 8.203651428222656250e+00 8.203651428222656250e+00 8.203651428222656250e+00 8.203651428222656250e+00 8.203651428222656250e+00 8.203651428222656250e+00 8.203651428222656250e+00
1.202028870582580566e+00 1.202028870582580566e+00 1.202028870582580566e+00 1.202028870582580566e+00 1.202028870582580566e+00 8.177479743957519531e+00 8.177479743957519531e+00 8.177479743957519531e+00 8.177479743957519531e+00 8.177479743957519531e+00 8.177479743957519531e+00 8.177479743957519531e+00 8.177479743957519531e+00 8.177479743957519531e+00 8.177479743957519531e+00
1.199785232543945312e+00 1.199785232543945312e+00 8.213085174560546875e+00 8.213085174560546875e+00 8.213085174560546875e+00 8.213085174560546875e+00 8.213085174560546875e+00 8.213085174560546875e+00 8.213085174560546875e+00 8.213085174560546875e+00 8.213085174560546875e+00 8.213085174560546875e+00 8.213085174560546875e+00 8.213085174560546875e+00 8.213085174560546875e+00
1.203365206718444824e+00 1.203365206718444824e+00 8.166452407836914062e+00 8.166452407836914062e+00 8.166452407836914062e+00 8.166452407836914062e+00 8.166452407836914062e+00 8.166452407836914062e+00 8.166452407836914062e+00 8.166452407836914062e+00 8.166452407836914062e+00 8.166452407836914062e+00 8.166452407836914062e+00 8.166452407836914062e+00 8.166452407836914062e+00
1.209745764732360840e+00 1.209745764732360840e+00 1.209745764732360840e+00 1.209745764732360840e+00 8.165344238281250000e+00 8.165344238281250000e+00 8.165344238281250000e+00 8.165344238281250000e+00 8.165344238281250000e+00 8.165344238281250000e+00 8.165344238281250000e+00 8.165344238281250000e+00 8.165344238281250000e+00 8.165344238281250000e+00 8.165344238281250000e+00
1.202254652976989746e+00 1.202254652976989746e+00 8.226334571838378906e+00 8.226334571838378906e+00 8.226334571838378906e+00 8.226334571838378906e+00 8.226334571838378906e+00 8.226334571838378906e+00 8.226334571838378906e+00 8.226334571838378906e+00 8.226334571838378906e+00 8.226334571838378906e+00 8.226334571838378906e+00 8.226334571838378906e+00 8.226334571838378906e+00
1.206318378448486328e+00 1.206318378448486328e+00 1.206318378448486328e+00 1.206318378448486328e+00 8.198862075805664062e+00 8.198862075805664062e+00 8.198862075805664062e+00 8.198862075805664062e+00 8.198862075805664062e+00 8.198862075805664062e+00 8.198862075805664062e+00 8.198862075805664062e+00 8.198862075805664062e+00 8.198862075805664062e+00 8.198862075805664062e+00
1.203244447708129883e+00 8.213904380798339844e+00 8.213904380798339844e+00 8.213904380798339844e+00 8.213904380798339844e+00 8.213904380798339844e+00 8.213904380798339844e+00 8.213904380798339844e+00 8.213904380798339844e+00 8.213904380798339844e+00 8.213904380798339844e+00 8.213904380798339844e+00 8.213904380798339844e+00 8.213904380798339844e+00 8.213904380798339844e+00
8.191562652587890625e+00 8.191562652587890625e+00 8.191562652587890625e+00 8.191562652587890625e+00 8.191562652587890625e+00 8.191562652587890625e+00 8.191562652587890625e+00 8.191562652587890625e+00 8.191562652587890625e+00 8.191562652587890625e+00 8.191562652587890625e+00 8.191562652587890625e+00 8.191562652587890625e+00 8.191562652587890625e+00 8.191562652587890625e+00
1.206911325454711914e+00 1.206911325454711914e+00 1.206911325454711914e+00 1.206911325454711914e+00 8.213217735290527344e+00 8.213217735290527344e+00 8.213217735290527344e+00 8.213217735290527344e+00 8.213217735290527344e+00 8.213217735290527344e+00 8.213217735290527344e+00 8.213217735290527344e+00 8.213217735290527344e+00 8.213217735290527344e+00 8.213217735290527344e+00
1.208137273788452148e+00 1.208137273788452148e+00 8.206844329833984375e+00 8.206844329833984375e+00 8.206844329833984375e+00 8.206844329833984375e+00 8.206844329833984375e+00 8.206844329833984375e+00 8.206844329833984375e+00 8.206844329833984375e+00 8.206844329833984375e+00 8.206844329833984375e+00 8.206844329833984375e+00 8.206844329833984375e+00 8.206844329833984375e+00
1.196841359138488770e+00 1.196841359138488770e+00 1.196841359138488770e+00 8.190423011779785156e+00 8.190423011779785156e+00 8.190423011779785156e+00 8.190423011779785156e+00 8.190423011779785156e+00 8.190423011779785156e+00 8.190423011779785156e+00 8.190423011779785156e+00 8.190423011779785156e+00 8.190423011779785156e+00 8.190423011779785156e+00 8.190423011779785156e+00
1.203072667121887207e+00 1.203072667121887207e+00 1.203072667121887207e+00 1.203072667121887207e+00 1.203072667121887207e+00 1.203072667121887207e+00 1.203072667121887207e+00 8.172261238098144531e+00 8.172261238098144531e+00 8.172261238098144531e+00 8.172261238098144531e+00 8.172261238098144531e+00 8.172261238098144531e+00 8.172261238098144531e+00 8.172261238098144531e+00
1.204457521438598633e+00 1.204457521438598633e+00 1.204457521438598633e+00 1.204457521438598633e+00 1.204457521438598633e+00 1.204457521438598633e+00 8.186004638671875000e+00 8.186004638671875000e+00 8.186004638671875000e+00 8.186004638671875000e+00 8.186004638671875000e+00 8.186004638671875000e+00 8.186004638671875000e+00 8.186004638671875000e+00 8.186004638671875000e+00
1.199750304222106934e+00 8.199722290039062500e+00 8.199722290039062500e+00 8.199722290039062500e+00 8.199722290039062500e+00 8.199722290039062500e+00 8.199722290039062500e+00 8.199722290039062500e+00 8.199722290039062500e+00 8.199722290039062500e+00 8.199722290039062500e+00 8.199722290039062500e+00 8.199722290039062500e+00 8.199722290039062500e+00 8.199722290039062500e+00
1.200539708137512207e+00 8.187863349914550781e+00 8.187863349914550781e+00 8.187863349914550781e+00 8.187863349914550781e+00 8.187863349914550781e+00 8.187863349914550781e+00 8.187863349914550781e+00 8.187863349914550781e+00 8.187863349914550781e+00 8.187863349914550781e+00 8.187863349914550781e+00 8.187863349914550781e+00 8.187863349914550781e+00 8.187863349914550781e+00
1.205909848213195801e+00 1.205909848213195801e+00 1.205909848213195801e+00 8.189168930053710938e+00 8.189168930053710938e+00 8.189168930053710938e+00 8.189168930053710938e+00 8.189168930053710938e+00 8.189168930053710938e+00 8.189168930053710938e+00 8.189168930053710938e+00 8.189168930053710938e+00 8.189168930053710938e+00 8.189168930053710938e+00 8.189168930053710938e+00
1.202157258987426758e+00 1.202157258987426758e+00 8.178582191467285156e+00 8.178582191467285156e+00 8.178582191467285156e+00 8.178582191467285156e+00 8.178582191467285156e+00 8.178582191467285156e+00 8.178582191467285156e+00 8.178582191467285156e+00 8.178582191467285156e+00 8.178582191467285156e+00 8.178582191467285156e+00 8.178582191467285156e+00 8.178582191467285156e+00
1.196874976158142090e+00 1.196874976158142090e+00 1.196874976158142090e+00 1.196874976158142090e+00 1.196874976158142090e+00 1.196874976158142090e+00 1.196874976158142090e+00 1.196874976158142090e+00 8.177011489868164062e+00 8.177011489868164062e+00 8.177011489868164062e+00 8.177011489868164062e+00 8.177011489868164062e+00 8.177011489868164062e+00 8.177011489868164062e+00
1.206770300865173340e+00 1.206770300865173340e+00 1.206770300865173340e+00 1.206770300865173340e+00 1.206770300865173340e+00 8.203564643859863281e+00 8.203564643859863281e+00 8.203564643859863281e+00 8.203564643859863281e+00 8.203564643859863281e+00 8.203564643859863281e+00 8.203564643859863281e+00 8.203564643859863281e+00 8.203564643859863281e+00 8.203564643859863281e+00
1.203242897987365723e+00 1.203242897987365723e+00 1.203242897987365723e+00 1.203242897987365723e+00 1.203242897987365723e+00 8.218292236328125000e+00 8.218292236328125000e+00 8.218292236328125000e+00 8.218292236328125000e+00 8.218292236328125000e+00 8.218292236328125000e+00 8.218292236328125000e+00 8.218292236328125000e+00 8.218292236328125000e+00 8.218292236328125000e+00
1.209284067153930664e+00 1.209284067153930664e+00 1.209284067153930664e+00 8.183590888977050781e+00 8.183590888977050781e+00 8.183590888977050781e+00 8.183590888977050781e+00 8.183590888977050781e+00 8.183590888977050781e+00 8.183590888977050781e+00 8.183590888977050781e+00 8.183590888977050781e+00 8.183590888977050781e+00 8.183590888977050781e+00 8.183590888977050781e+00
1.206899881362915039e+00 1.206899881362915039e+00 8.214926719665527344e+00 8.214926719665527344e+00 8.214926719665527344e+00 8.214926719665527344e+00 8.214926719665527344e+00 8.214926719665527344e+00 8.214926719665527344e+00 8.214926719665527344e+00 8.214926719665527344e+00 8.214926719665527344e+00 8.214926719665527344e+00 8.214926719665527344e+00 8.214926719665527344e+00
1.199672102928161621e+00 1.199672102928161621e+00 8.190772056579589844e+00 8.190772056579589844e+00 8.190772056579589844e+00 8.190772056579589844e+00 8.190772056579589844e+00 8.190772056579589844e+00 8.190772056579589844e+00 8.190772056579589844e+00 8.190772056579589844e+00 8.190772056579589844e+00 8.190772056579589844e+00 8.190772056579589844e+00 8.190772056579589844e+00
1.208914160728454590e+00 1.208914160728454590e+00 1.208914160728454590e+00 8.194676399230957031e+00 8.194676399230957031e+00 8.194676399230957031e+00 8.194676399230957031e+00 8.194676399230957031e+00 8.194676399230957031e+00 8.194676399230957031e+00 8.194676399230957031e+00 8.194676399230957031e+00 8.194676399230957031e+00 8.194676399230957031e+00 8.194676399230957031e+00
1.209046006202697754e+00 1.209046006202697754e+00 1.209046006202697754e+00 1.209046006202697754e+00 8.194410324096679688e+00 8.194410324096679688e+00 8.194410324096679688e+00 8.194410324096679688e+00 8.194410324096679688e+00 8.194410324096679688e+00 8.194410324096679688e+00 8.194410324096679688e+00 8.194410324096679688e+00 8.194410324096679688e+00 8.194410324096679688e+00
1.200090527534484863e+00 1.200090527534484863e+00 1.200090527534484863e+00 1.200090527534484863e+00 1.200090527534484863e+00 1.200090527534484863e+00 1.200090527534484863e+00 8.186201095581054688e+00 8.186201095581054688e+00 8.186201095581054688e+00 8.186201095581054688e+00 8.186201095581054688e+00 8.186201095581054688e+00 8.186201095581054688e+00 8.186201095581054688e+00
1.205967307090759277e+00 1.205967307090759277e+00 1.205967307090759277e+00 8.183207511901855469e+00 8.183207511901855469e+00 8.183207511901855469e+00 8.183207511901855469e+00 8.183207511901855469e+00 8.183207511901855469e+00 8.183207511901855469e+00 8.183207511901855469e+00 8.183207511901855469e+00 8.183207511901855469e+00 8.183207511901855469e+00 8.183207511901855469e+00
1.203142285346984863e+00 8.157902717590332031e+00 8.157902717590332031e+00 8.157902717590332031e+00 8.157902717590332031e+00 8.157902717590332031e+00 8.157902717590332031e+00 8.157902717590332031e+00 8.157902717590332031e+00 8.157902717590332031e+00 8.157902717590332031e+00 8.157902717590332031e+00 8.157902717590332031e+00 8.157902717590332031e+00 8.157902717590332031e+00
8.211200714111328125e+00 8.211200714111328125e+00 8.211200714111328125e+00 8.211200714111328125e+00 8.211200714111328125e+00 8.211200714111328125e+00 8.211200714111328125e+00 8.211200714111328125e+00 8.211200714111328125e+00 8.211200714111328125e+00 8.211200714111328125e+00 8.211200714111328125e+00 8.211200714111328125e+00 8.211200714111328125e+00 8.211200714111328125e+00
1.205753207206726074e+00 1.205753207206726074e+00 8.186546325683593750e+00 8.186546325683593750e+00 8.186546325683593750e+00 8.186546325683593750e+00 8.186546325683593750e+00 8.186546325683593750e+00 8.186546325683593750e+00 8.186546325683593750e+00 8.186546325683593750e+00 8.186546325683593750e+00 8.186546325683593750e+00 8.186546325683593750e+00 8.186546325683593750e+00
1.199052810668945312e+00 1.199052810668945312e+00 8.227907180786132812e+00 8.227907180786132812e+00 8.227907180786132812e+00 8.227907180786132812e+00 8.227907180786132812e+00 8.227907180786132812e+00 8.227907180786132812e+00 8.227907180786132812e+00 8.227907180786132812e+00 8.227907180786132812e+00 8.227907180786132812e+00 8.227907180786132812e+00 8.227907180786132812e+00
1.200644254684448242e+00 1.200644254684448242e+00 1.200644254684448242e+00 8.223970413208007812e+00 8.223970413208007812e+00 8.223970413208007812e+00 8.223970413208007812e+00 8.223970413208007812e+00 8.223970413208007812e+00 8.223970413208007812e+00 8.223970413208007812e+00 8.223970413208007812e+00 8.223970413208007812e+00 8.223970413208007812e+00 8.223970413208007812e+00
1.202750086784362793e+00 1.202750086784362793e+00 1.202750086784362793e+00 1.202750086784362793e+00 8.207705497741699219e+00 8.207705497741699219e+00 8.207705497741699219e+00 8.207705497741699219e+00 8.207705497741699219e+00 8.207705497741699219e+00 8.207705497741699219e+00 8.207705497741699219e+00 8.207705497741699219e+00 8.207705497741699219e+00 8.207705497741699219e+00
1.205483078956604004e+00 1.205483078956604004e+00 1.205483078956604004e+00 8.173971176147460938e+00 8.173971176147460938e+00 8.173971176147460938e+00 8.173971176147460938e+00 8.173971176147460938e+00 8.173971176147460938e+00 8.173971176147460938e+00 8.173971176147460938e+00 8.173971176147460938e+00 8.173971176147460938e+00 8.173971176147460938e+00 8.173971176147460938e+00
1.204022526741027832e+00 1.204022526741027832e+00 1.204022526741027832e+00 8.179548263549804688e+00 8.179548263549804688e+00 8.179548263549804688e+00 8.179548263549804688e+00 8.179548263549804688e+00 8.179548263549804688e+00 8.179548263549804688e+00 8.179548263549804688e+00 8.179548263549804688e+00 8.179548263549804688e+00 8.179548263549804688e+00 8.179548263549804688e+00
1.210028648376464844e+00 1.210028648376464844e+00 8.196590423583984375e+00 8.196590423583984375e+00 8.196590423583984375e+00 8.196590423583984375e+00 8.196590423583984375e+00 8.196590423583984375e+00 8.196590423583984375e+00 8.196590423583984375e+00 8.196590423583984375e+00 8.196590423583984375e+00 8.196590423583984375e+00 8.196590423583984375e+00 8.196590423583984375e+00
1.207524657249450684e+00 8.164356231689453125e+00 8.164356231689453125e+00 8.164356231689453125e+00 8.164356231689453125e+00 8.164356231689453125e+00 8.164356231689453125e+00 8.164356231689453125e+00 8.164356231689453125e+00 8.164356231689453125e+00 8.164356231689453125e+00 8.164356231689453125e+00 8.164356231689453125e+00 8.164356231689453125e+00 8.164356231689453125e+00
1.196769475936889648e+00 1.196769475936889648e+00 8.173491477966308594e+00 8.173491477966308594e+00 8.173491477966308594e+00 8.173491477966308594e+00 8.173491477966308594e+00 8.173491477966308594e+00 8.173491477966308594e+00 8.173491477966308594e+00 8.173491477966308594e+00 8.173491477966308594e+00 8.173491477966308594e+00 8.173491477966308594e+00 8.173491477966308594e+00
1.200950145721435547e+00 8.153955459594726562e+00 8.153955459594726562e+00 8.153955459594726562e+00 8.153955459594726562e+00 8.153955459594726562e+00 8.153955459594726562e+00 8.153955459594726562e+00 8.153955459594726562e+00 8.153955459594726562e+00 8.153955459594726562e+00 8.153955459594726562e+00 8.153955459594726562e+00 8.153955459594726562e+00 8.153955459594726562e+00
1.197119235992431641e+00 1.197119235992431641e+00 1.197119235992431641e+00 8.169880867004394531e+00 8.169880867004394531e+00 8.169880867004394531e+00 8.169880867004394531e+00 8.169880867004394531e+00 8.169880867004394531e+00 8.169880867004394531e+00 8.169880867004394531e+00 8.169880867004394531e+00 8.169880867004394531e+00 8.169880867004394531e+00 8.169880867004394531e+00
1.202815890312194824e+00 1.202815890312194824e+00 1.202815890312194824e+00 8.186539649963378906e+00 8.186539649963378906e+00 8.186539649963378906e+00 8.186539649963378906e+00 8.186539649963378906e+00 8.186539649963378906e+00 8.186539649963378906e+00 8.186539649963378906e+00 8.186539649963378906e+00 8.186539649963378906e+00 8.186539649963378906e+00 8.186539649963378906e+00
1.203870892524719238e+00 1.203870892524719238e+00 1.203870892524719238e+00 8.200664520263671875e+00 8.200664520263671875e+00 8.200664520263671875e+00 8.200664520263671875e+00 8.200664520263671875e+00 8.200664520263671875e+00 8.200664520263671875e+00 8.200664520263671875e+00 8.200664520263671875e+00 8.200664520263671875e+00 8.200664520263671875e+00 8.200664520263671875e+00
1.209048748016357422e+00 1.209048748016357422e+00 8.184414863586425781e+00 8.184414863586425781e+00 8.184414863586425781e+00 8.184414863586425781e+00 8.184414863586425781e+00 8.184414863586425781e+00 8.184414863586425781e+00 8.184414863586425781e+00 8.184414863586425781e+00 8.184414863586425781e+00 8.184414863586425781e+00 8.184414863586425781e+00 8.184414863586425781e+00
8.216390609741210938e+00 8.216390609741210938e+00 8.216390609741210938e+00 8.216390609741210938e+00 8.216390609741210938e+00 8.216390609741210938e+00 8.216390609741210938e+00 8.216390609741210938e+00 8.216390609741210938e+00 8.216390609741210938e+00 8.216390609741210938e+00 8.216390609741210938e+00 8.216390609741210938e+00 8.216390609741210938e+00 8.216390609741210938e+00
1.201378107070922852e+00 1.201378107070922852e+00 8.204902648925781250e+00 8.204902648925781250e+00 8.204902648925781250e+00 8.204902648925781250e+00 8.204902648925781250e+00 8.204902648925781250e+00 8.204902648925781250e+00 8.204902648925781250e+00 8.204902648925781250e+00 8.204902648925781250e+00 8.204902648925781250e+00 8.204902648925781250e+00 8.204902648925781250e+00
1.204191207885742188e+00 1.204191207885742188e+00 8.194720268249511719e+00 8.194720268249511719e+00 8.194720268249511719e+00 8.194720268249511719e+00 8.194720268249511719e+00 8.194720268249511719e+00 8.194720268249511719e+00 8.194720268249511719e+00 8.194720268249511719e+00 8.194720268249511719e+00 8.194720268249511719e+00 8.194720268249511719e+00 8.194720268249511719e+00
1.208956956863403320e+00 1.208956956863403320e+00 1.208956956863403320e+00 1.208956956863403320e+00 8.197731018066406250e+00 8.197731018066406250e+00 8.197731018066406250e+00 8.197731018066406250e+00 8.197731018066406250e+00 8.197731018066406250e+00 8.197731018066406250e+00 8.197731018066406250e+00 8.197731018066406250e+00 8.197731018066406250e+00 8.197731018066406250e+00
1.200264930725097656e+00 1.200264930725097656e+00 8.184359550476074219e+00 8.184359550476074219e+00 8.184359550476074219e+00 8.184359550476074219e+00 8.184359550476074219e+00 8.184359550476074219e+00 8.184359550476074219e+00 8.184359550476074219e+00 8.184359550476074219e+00 8.184359550476074219e+00 8.184359550476074219e+00 8.184359550476074219e+00 8.184359550476074219e+00
1.201463222503662109e+00 1.201463222503662109e+00 1.201463222503662109e+00 8.185192108154296875e+00 8.185192108154296875e+00 8.185192108154296875e+00 8.185192108154296875e+00 8.185192108154296875e+00 8.185192108154296875e+00 8.185192108154296875e+00 8.185192108154296875e+00 8.185192108154296875e+00 8.185192108154296875e+00 8.185192108154296875e+00 8.185192108154296875e+00
8.170727729797363281e+00 8.170727729797363281e+00 8.170727729797363281e+00 8.170727729797363281e+00 8.170727729797363281e+00 8.170727729797363281e+00 8.170727729797363281e+00 8.170727729797363281e+00 8.170727729797363281e+00 8.170727729797363281e+00 8.170727729797363281e+00 8.170727729797363281e+00 8.170727729797363281e+00 8.170727729797363281e+00 8.170727729797363281e+00
1.202811002731323242e+00 1.202811002731323242e+00 1.202811002731323242e+00 8.180550575256347656e+00 8.180550575256347656e+00 8.180550575256347656e+00 8.180550575256347656e+00 8.180550575256347656e+00 8.180550575256347656e+00 8.180550575256347656e+00 8.180550575256347656e+00 8.180550575256347656e+00 8.180550575256347656e+00 8.180550575256347656e+00 8.180550575256347656e+00
8.195743560791015625e+00 8.195743560791015625e+00 8.195743560791015625e+00 8.195743560791015625e+00 8.195743560791015625e+00 8.195743560791015625e+00 8.195743560791015625e+00 8.195743560791015625e+00 8.195743560791015625e+00 8.195743560791015625e+00 8.195743560791015625e+00 8.195743560791015625e+00 8.195743560791015625e+00 8.195743560791015625e+00 8.195743560791015625e+00
1.202568531036376953e+00 8.197095870971679688e+00 8.197095870971679688e+00 8.197095870971679688e+00 8.197095870971679688e+00 8.197095870971679688e+00 8.197095870971679688e+00 8.197095870971679688e+00 8.197095870971679688e+00 8.197095870971679688e+00 8.197095870971679688e+00 8.197095870971679688e+00 8.197095870971679688e+00 8.197095870971679688e+00 8.197095870971679688e+00
1.205334544181823730e+00 8.205580711364746094e+00 8.205580711364746094e+00 8.205580711364746094e+00 8.205580711364746094e+00 8.205580711364746094e+00 8.205580711364746094e+00 8.205580711364746094e+00 8.205580711364746094e+00 8.205580711364746094e+00 8.205580711364746094e+00 8.205580711364746094e+00 8.205580711364746094e+00 8.205580711364746094e+00 8.205580711364746094e+00
8.219867706298828125e+00 8.219867706298828125e+00 8.219867706298828125e+00 8.219867706298828125e+00 8.219867706298828125e+00 8.219867706298828125e+00 8.219867706298828125e+00 8.219867706298828125e+00 8.219867706298828125e+00 8.219867706298828125e+00 8.219867706298828125e+00 8.219867706298828125e+00 8.219867706298828125e+00 8.219867706298828125e+00 8.219867706298828125e+00
1.203824996948242188e+00 8.196480751037597656e+00 8.196480751037597656e+00 8.196480751037597656e+00 8.196480751037597656e+00 8.196480751037597656e+00 8.196480751037597656e+00 8.196480751037597656e+00 8.196480751037597656e+00 8.196480751037597656e+00 8.196480751037597656e+00 8.196480751037597656e+00 8.196480751037597656e+00 8.196480751037597656e+00 8.196480751037597656e+00
1.199891328811645508e+00 1.199891328811645508e+00 1.199891328811645508e+00 1.199891328811645508e+00 1.199891328811645508e+00 1.199891328811645508e+00 8.196989059448242188e+00 8.196989059448242188e+00 8.196989059448242188e+00 8.196989059448242188e+00 8.196989059448242188e+00 8.196989059448242188e+00 8.196989059448242188e+00 8.196989059448242188e+00 8.196989059448242188e+00
1.208104014396667480e+00 1.208104014396667480e+00 8.197480201721191406e+00 8.197480201721191406e+00 8.197480201721191406e+00 8.197480201721191406e+00 8.197480201721191406e+00 8.197480201721191406e+00 8.197480201721191406e+00 8.197480201721191406e+00 8.197480201721191406e+00 8.197480201721191406e+00 8.197480201721191406e+00 8.197480201721191406e+00 8.197480201721191406e+00
1.202078580856323242e+00 1.202078580856323242e+00 1.202078580856323242e+00 8.196896553039550781e+00 8.196896553039550781e+00 8.196896553039550781e+00 8.196896553039550781e+00 8.196896553039550781e+00 8.196896553039550781e+00 8.196896553039550781e+00 8.196896553039550781e+00 8.196896553039550781e+00 8.196896553039550781e+00 8.196896553039550781e+00 8.196896553039550781e+00
1.199080109596252441e+00 1.199080109596252441e+00 1.199080109596252441e+00 1.199080109596252441e+00 8.180276870727539062e+00 8.180276870727539062e+00 8.180276870727539062e+00 8.180276870727539062e+00 8.180276870727539062e+00 8.180276870727539062e+00 8.180276870727539062e+00 8.180276870727539062e+00 8.180276870727539062e+00 8.180276870727539062e+00 8.180276870727539062e+00
1.208736300468444824e+00 1.208736300468444824e+00 8.213782310485839844e+00 8.213782310485839844e+00 8.213782310485839844e+00 8.213782310485839844e+00 8.213782310485839844e+00 8.213782310485839844e+00 8.213782310485839844e+00 8.213782310485839844e+00 8.213782310485839844e+00 8.213782310485839844e+00 8.213782310485839844e+00 8.213782310485839844e+00 8.213782310485839844e+00
1.210436582565307617e+00 1.210436582565307617e+00 1.210436582565307617e+00 1.210436582565307617e+00 1.210436582565307617e+00 8.200453758239746094e+00 8.200453758239746094e+00 8.200453758239746094e+00 8.200453758239746094e+00 8.200453758239746094e+00 8.200453758239746094e+00 8.200453758239746094e+00 8.200453758239746094e+00 8.200453758239746094e+00 8.200453758239746094e+00
1.204391360282897949e+00 1.204391360282897949e+00 8.222976684570312500e+00 8.222976684570312500e+00 8.222976684570312500e+00 8.222976684570312500e+00 8.222976684570312500e+00 8.222976684570312500e+00 8.222976684570312500e+00 8.222976684570312500e+00 8.222976684570312500e+00 8.222976684570312500e+00 8.222976684570312500e+00 8.222976684570312500e+00 8.222976684570312500e+00
1.202600359916687012e+00 1.202600359916687012e+00 1.202600359916687012e+00 8.176708221435546875e+00 8.176708221435546875e+00 8.176708221435546875e+00 8.176708221435546875e+00 8.176708221435546875e+00 8.176708221435546875e+00 8.176708221435546875e+00 8.176708221435546875e+00 8.176708221435546875e+00 8.176708221435546875e+00 8.176708221435546875e+00 8.176708221435546875e+00
1.198504447937011719e+00 1.198504447937011719e+00 1.198504447937011719e+00 1.198504447937011719e+00 1.198504447937011719e+00 1.198504447937011719e+00 8.179569244384765625e+00 8.179569244384765625e+00 8.179569244384765625e+00 8.179569244384765625e+00 8.179569244384765625e+00 8.179569244384765625e+00 8.179569244384765625e+00 8.179569244384765625e+00 8.179569244384765625e+00
1.204179048538208008e+00 1.204179048538208008e+00 8.196797370910644531e+00 8.196797370910644531e+00 8.196797370910644531e+00 8.196797370910644531e+00 8.196797370910644531e+00 8.196797370910644531e+00 8.196797370910644531e+00 8.196797370910644531e+00 8.196797370910644531e+00 8.196797370910644531e+00 8.196797370910644531e+00 8.196797370910644531e+00 8.196797370910644531e+00
1.203517079353332520e+00 1.203517079353332520e+00 8.209588050842285156e+00 8.209588050842285156e+00 8.209588050842285156e+00 8.209588050842285156e+00 8.209588050842285156e+00 8.209588050842285156e+00 8.209588050842285156e+00 8.209588050842285156e+00 8.209588050842285156e+00 8.209588050842285156e+00 8.209588050842285156e+00 8.209588050842285156e+00 8.209588050842285156e+00
1.205775260925292969e+00 1.205775260925292969e+00 1.205775260925292969e+00 8.184869766235351562e+00 8.184869766235351562e+00 8.184869766235351562e+00 8.184869766235351562e+00 8.184869766235351562e+00 8.184869766235351562e+00 8.184869766235351562e+00 8.184869766235351562e+00 8.184869766235351562e+00 8.184869766235351562e+00 8.184869766235351562e+00 8.184869766235351562e+00
1.206775665283203125e+00 8.177182197570800781e+00 8.177182197570800781e+00 8.177182197570800781e+00 8.177182197570800781e+00 8.177182197570800781e+00 8.177182197570800781e+00 8.177182197570800781e+00 8.177182197570800781e+00 8.177182197570800781e+00 8.177182197570800781e+00 8.177182197570800781e+00 8.177182197570800781e+00 8.177182197570800781e+00 8.177182197570800781e+00
8.176981925964355469e+00 8.176981925964355469e+00 8.176981925964355469e+00 8.176981925964355469e+00 8.176981925964355469e+00 8.176981925964355469e+00 8.176981925964355469e+00 8.176981925964355469e+00 8.176981925964355469e+00 8.176981925964355469e+00 8.176981925964355469e+00 8.176981925964355469e+00 8.176981925964355469e+00 8.176981925964355469e+00 8.176981925964355469e+00
1.196600794792175293e+00 1.196600794792175293e+00 1.196600794792175293e+00 1.196600794792175293e+00 1.196600794792175293e+00 8.193493843078613281e+00 8.193493843078613281e+00 8.193493843078613281e+00 8.193493843078613281e+00 8.193493843078613281e+00 8.193493843078613281e+00 8.193493843078613281e+00 8.193493843078613281e+00 8.193493843078613281e+00 8.193493843078613281e+00
1.209425449371337891e+00 1.209425449371337891e+00 1.209425449371337891e+00 1.209425449371337891e+00 8.196482658386230469e+00 8.196482658386230469e+00 8.196482658386230469e+00 8.196482658386230469e+00 8.196482658386230469e+00 8.196482658386230469e+00 8.196482658386230469e+00 8.196482658386230469e+00 8.196482658386230469e+00 8.196482658386230469e+00 8.196482658386230469e+00
1.198211193084716797e+00 1.198211193084716797e+00 1.198211193084716797e+00 1.198211193084716797e+00 1.198211193084716797e+00 1.198211193084716797e+00 8.202413558959960938e+00 8.202413558959960938e+00 8.202413558959960938e+00 8.202413558959960938e+00 8.202413558959960938e+00 8.202413558959960938e+00 8.202413558959960938e+00 8.202413558959960938e+00 8.202413558959960938e+00
1.208147644996643066e+00 1.208147644996643066e+00 1.208147644996643066e+00 8.199915885925292969e+00 8.199915885925292969e+00 8.199915885925292969e+00 8.199915885925292969e+00 8.199915885925292969e+00 8.199915885925292969e+00 8.199915885925292969e+00 8.199915885925292969e+00 8.199915885925292969e+00 8.199915885925292969e+00 8.199915885925292969e+00 8.199915885925292969e+00
1.203828454017639160e+00 8.165686607360839844e+00 8.165686607360839844e+00 8.165686607360839844e+00 8.165686607360839844e+00 8.165686607360839844e+00 8.165686607360839844e+00 8.165686607360839844e+00 8.165686607360839844e+00 8.165686607360839844e+00 8.165686607360839844e+00 8.165686607360839844e+00 8.165686607360839844e+00 8.165686607360839844e+00 8.165686607360839844e+00
1.203470230102539062e+00 1.203470230102539062e+00 1.203470230102539062e+00 1.203470230102539062e+00 8.194805145263671875e+00 8.194805145263671875e+00 8.194805145263671875e+00 8.194805145263671875e+00 8.194805145263671875e+00 8.194805145263671875e+00 8.194805145263671875e+00 8.194805145263671875e+00 8.194805145263671875e+00 8.194805145263671875e+00 8.194805145263671875e+00
1.204253315925598145e+00 1.204253315925598145e+00 8.218104362487792969e+00 8.218104362487792969e+00 8.218104362487792969e+00 8.218104362487792969e+00 8.218104362487792969e+00 8.218104362487792969e+00 8.218104362487792969e+00 8.218104362487792969e+00 8.218104362487792969e+00 8.218104362487792969e+00 8.218104362487792969e+00 8.218104362487792969e+00 8.218104362487792969e+00
1.201501846313476562e+00 1.201501846313476562e+00 8.209522247314453125e+00 8.209522247314453125e+00 8.209522247314453125e+00 8.209522247314453125e+00 8.209522247314453125e+00 8.209522247314453125e+00 8.209522247314453125e+00 8.209522247314453125e+00 8.209522247314453125e+00 8.209522247314453125e+00 8.209522247314453125e+00 8.209522247314453125e+00 8.209522247314453125e+00
1.198285222053527832e+00 1.198285222053527832e+00 1.198285222053527832e+00 1.198285222053527832e+00 8.209258079528808594e+00 8.209258079528808594e+00 8.209258079528808594e+00 8.209258079528808594e+00 8.209258079528808594e+00 8.209258079528808594e+00 8.209258079528808594e+00 8.209258079528808594e+00 8.209258079528808594e+00 8.209258079528808594e+00 8.209258079528808594e+00
1.203034520149230957e+00 1.203034520149230957e+00 8.170071601867675781e+00 8.170071601867675781e+00 8.170071601867675781e+00 8.170071601867675781e+00 8.170071601867675781e+00 8.170071601867675781e+00 8.170071601867675781e+00 8.170071601867675781e+00 8.170071601867675781e+00 8.170071601867675781e+00 8.170071601867675781e+00 8.170071601867675781e+00 8.170071601867675781e+00
8.184328079223632812e+00 8.184328079223632812e+00 8.184328079223632812e+00 8.184328079223632812e+00 8.184328079223632812e+00 8.184328079223632812e+00 8.184328079223632812e+00 8.184328079223632812e+00 8.184328079223632812e+00 8.184328079223632812e+00 8.184328079223632812e+00 8.184328079223632812e+00 8.184328079223632812e+00 8.184328079223632812e+00 8.184328079223632812e+00
1.200139403343200684e+00 1.200139403343200684e+00 8.222901344299316406e+00 8.222901344299316406e+00 8.222901344299316406e+00 8.222901344299316406e+00 8.222901344299316406e+00 8.222901344299316406e+00 8.222901344299316406e+00 8.222901344299316406e+00 8.222901344299316406e+00 8.222901344299316406e+00 8.222901344299316406e+00 8.222901344299316406e+00 8.222901344299316406e+00
1.208834767341613770e+00 1.208834767341613770e+00 1.208834767341613770e+00 1.208834767341613770e+00 8.190411567687988281e+00 8.190411567687988281e+00 8.190411567687988281e+00 8.190411567687988281e+00 8.190411567687988281e+00 8.190411567687988281e+00 8.190411567687988281e+00 8.190411567687988281e+00 8.190411567687988281e+00 8.190411567687988281e+00 8.190411567687988281e+00
1.200844883918762207e+00 1.200844883918762207e+00 8.199791908264160156e+00 8.199791908264160156e+00 8.199791908264160156e+00 8.199791908264160156e+00 8.199791908264160156e+00 8.199791908264160156e+00 8.199791908264160156e+00 8.199791908264160156e+00 8.199791908264160156e+00 8.199791908264160156e+00 8.199791908264160156e+00 8.199791908264160156e+00 8.199791908264160156e+00
1.206775307655334473e+00 1.206775307655334473e+00 1.206775307655334473e+00 1.206775307655334473e+00 1.206775307655334473e+00 8.167730331420898438e+00 8.167730331420898438e+00 8.167730331420898438e+00 8.167730331420898438e+00 8.167730331420898438e+00 8.167730331420898438e+00 8.167730331420898438e+00 8.167730331420898438e+00 8.167730331420898438e+00 8.167730331420898438e+00
1.209056258201599121e+00 1.209056258201599121e+00 1.209056258201599121e+00 1.209056258201599121e+00 8.170836448669433594e+00 8.170836448669433594e+00 8.170836448669433594e+00 8.170836448669433594e+00 8.170836448669433594e+00 8.170836448669433594e+00 8.170836448669433594e+00 8.170836448669433594e+00 8.170836448669433594e+00 8.170836448669433594e+00 8.170836448669433594e+00
1.208931565284729004e+00 1.208931565284729004e+00 1.208931565284729004e+00 1.208931565284729004e+00 1.208931565284729004e+00 8.193938255310058594e+00 8.193938255310058594e+00 8.193938255310058594e+00 8.193938255310058594e+00 8.193938255310058594e+00 8.193938255310058594e+00 8.193938255310058594e+00 8.193938255310058594e+00 8.193938255310058594e+00 8.193938255310058594e+00
1.203242421150207520e+00 1.203242421150207520e+00 8.163125991821289062e+00 8.163125991821289062e+00 8.163125991821289062e+00 8.163125991821289062e+00 8.163125991821289062e+00 8.163125991821289062e+00 8.163125991821289062e+00 8.163125991821289062e+00 8.163125991821289062e+00 8.163125991821289062e+00 8.163125991821289062e+00 8.163125991821289062e+00 8.163125991821289062e+00
1.203325390815734863e+00 1.203325390815734863e+00 1.203325390815734863e+00 8.196709632873535156e+00 8.196709632873535156e+00 8.196709632873535156e+00 8.196709632873535156e+00 8.196709632873535156e+00 8.196709632873535156e+00 8.196709632873535156e+00 8.196709632873535156e+00 8.196709632873535156e+00 8.196709632873535156e+00 8.196709632873535156e+00 8.196709632873535156e+00
1.205086231231689453e+00 8.177702903747558594e+00 8.177702903747558594e+00 8.177702903747558594e+00 8.177702903747558594e+00 8.177702903747558594e+00 8.177702903747558594e+00 8.177702903747558594e+00 8.177702903747558594e+00 8.177702903747558594e+00 8.177702903747558594e+00 8.177702903747558594e+00 8.177702903747558594e+00 8.177702903747558594e+00 8.177702903747558594e+00
8.214312553405761719e+00 8.214312553405761719e+00 8.214312553405761719e+00 8.214312553405761719e+00 8.214312553405761719e+00 8.214312553405761719e+00 8.214312553405761719e+00 8.214312553405761719e+00 8.214312553405761719e+00 8.214312553405761719e+00 8.214312553405761719e+00 8.214312553405761719e+00 8.214312553405761719e+00 8.214312553405761719e+00 8.214312553405761719e+00
1.196169495582580566e+00 1.196169495582580566e+00 8.168657302856445312e+00 8.168657302856445312e+00 8.168657302856445312e+00 8.168657302856445312e+00 8.168657302856445312e+00 8.168657302856445312e+00 8.168657302856445312e+00 8.168657302856445312e+00 8.168657302856445312e+00 8.168657302856445312e+00 8.168657302856445312e+00 8.168657302856445312e+00 8.168657302856445312e+00
1.205679416656494141e+00 1.205679416656494141e+00 1.205679416656494141e+00 8.167060852050781250e+00 8.167060852050781250e+00 8.167060852050781250e+00 8.167060852050781250e+00 8.167060852050781250e+00 8.167060852050781250e+00 8.167060852050781250e+00 8.167060852050781250e+00 8.167060852050781250e+00 8.167060852050781250e+00 8.167060852050781250e+00 8.167060852050781250e+00
1.201922655105590820e+00 1.201922655105590820e+00 1.201922655105590820e+00 8.174699783325195312e+00 8.174699783325195312e+00 8.174699783325195312e+00 8.174699783325195312e+00 8.174699783325195312e+00 8.174699783325195312e+00 8.174699783325195312e+00 8.174699783325195312e+00 8.174699783325195312e+00 8.174699783325195312e+00 8.174699783325195312e+00 8.174699783325195312e+00
