2.655973
2.884037
2.457089
2.576123
2.560637
2.773002
2.976742
2.663404
2.671888
2.867885
2.665371
2.863691
2.584652
2.471056
2.875967
2.649365
2.749607
3.178721
3.092491
2.560784
2.575866
2.777729
2.668929
3.281735
2.985225
2.973369
2.786361
2.678657
2.659581
2.778095
2.879121
3.15379
2.76934
2.557743
2.460731
2.663561
2.669956
2.777126
2.882725
2.778999
2.765345
2.65723
2.565691
2.661347
2.442504
2.769575
2.775636
2.76864
2.68166
2.576767
2.653007
2.675316
2.873943
2.648105
2.780517
2.462828
2.767112
2.451148
2.576303
2.548691
2.462423
2.547877
3.064621
2.555121
2.756831
2.756136
2.684914
2.984436
2.66436
2.762934
3.07798
2.657908
2.676864
2.772774
2.565869
2.491145
2.952774
2.865933
3.05205
2.766331
2.584323
2.882132
2.684041
2.677836
2.862572
2.659996
2.467601
2.683325
2.897503
2.658123
2.983984
2.885398
2.96671
2.683643
2.742695
2.582816
2.481581
2.576809
2.769845
2.776973
