2.189152232278883226e+00 2.470602734088898078e+00 2.604430750396847571e+00 2.657199586027861216e+00 2.717464181256294964e+00 2.687416126590967291e+00 2.690084766012430517e+00 2.694460796189308116e+00 2.703912731003760950e+00 2.665514340975880803e+00 2.664165439173578953e+00 2.644386024010181746e+00 2.644792227417231079e+00 2.668599778121710120e+00 2.679773407012224773e+00 2.689647675719856856e+00 2.680638462764024954e+00 2.676485723975301489e+00 2.690312142950296526e+00 2.679749443146586696e+00
2.506820292469859268e+00 2.749027369433641343e+00 2.817952641284465543e+00 2.841388467079401181e+00 2.866076387691498084e+00 2.896333639562129303e+00 2.869008524271845939e+00 2.849924122560024475e+00 2.867588605508208488e+00 2.853673749160766437e+00 2.834149550610780555e+00 2.912516756251454453e+00 2.873356080776452881e+00 2.899753184133768258e+00 2.890044402372836441e+00 2.840439425420760777e+00 2.908935171014070509e+00 2.881184204724430487e+00 2.893100712484121484e+00 2.856036080583930215e+00
2.268431812475621978e+00 2.424947306556999305e+00 2.487651016408205074e+00 2.420422887405753176e+00 2.508229615643620125e+00 2.449595357340574431e+00 2.438804080557823273e+00 2.511421441176533875e+00 2.481990289735794164e+00 2.399550676822662432e+00 2.461839694985747062e+00 2.430733326487243051e+00 2.478262881216406921e+00 2.432549984726309678e+00 2.428107435864210295e+00 2.495297906664013521e+00 2.473683538985252284e+00 2.444617913582921354e+00 2.486767766121030121e+00 2.478972619694471469e+00
2.238432076901197387e+00 2.446863838809728353e+00 2.547056845706701100e+00 2.514657687732577251e+00 2.603619118486345307e+00 2.569120501443743265e+00 2.547530650240182659e+00 2.594859527519345122e+00 2.577711689215898883e+00 2.558940719255804908e+00 2.667184125262498817e+00 2.544580703642964625e+00 2.586821654745936616e+00 2.561130059352517030e+00 2.569453057757020265e+00 2.568615466949343507e+00 2.569422238075733222e+00 2.601607859936356348e+00 2.591504684352874399e+00 2.581421171408891269e+00
2.132988717439770809e+00 2.382728986877202804e+00 2.488327492892742132e+00 2.568234314990044176e+00 2.565301734530925692e+00 2.570876285061240107e+00 2.608621171498298974e+00 2.568671210074425115e+00 2.607033243200183037e+00 2.567334124740958234e+00 2.541939373171329564e+00 2.567777209717035714e+00 2.598102910089492568e+00 2.577907429531216543e+00 2.570357263773680234e+00 2.597094811016321003e+00 2.553861989516019726e+00 2.537595873099565580e+00 2.558938411211967523e+00 2.567347609591483781e+00
2.514506552216410729e+00 2.699594380116462133e+00 2.789893154770135109e+00 2.876138495814800411e+00 2.893067815575002921e+00 2.879923386955260955e+00 2.868888470891117759e+00 2.876238296830653685e+00 2.821870450669527131e+00 2.851966271993517932e+00 2.862262220594286699e+00 2.860786165922880375e+00 2.858260186922550350e+00 2.903193299117683424e+00 2.903865808075666521e+00 2.892498266512155691e+00 2.892536111861467862e+00 2.885571239644288966e+00 2.888481418782472332e+00 2.826971647384762587e+00
2.521093868365883672e+00 2.778183046379685273e+00 2.914347841948270457e+00 2.980805015003681557e+00 2.935570443665980633e+00 2.937771035206318437e+00 3.016522090598940498e+00 2.969712543052435372e+00 2.976655488717556253e+00 2.987041264933347762e+00 3.037138531368970717e+00 3.027304047966003608e+00 2.962339824271202460e+00 3.025271834373474356e+00 3.007558939838409717e+00 2.948044393998383583e+00 2.986493208473920635e+00 3.017874423587322052e+00 2.920949152618646405e+00 2.988741783720255452e+00
2.183506072318553759e+00 2.490485125117003928e+00 2.591584230437874670e+00 2.621811250033974083e+00 2.647151946648955256e+00 2.678688958230614592e+00 2.658381975632905903e+00 2.682124047309160542e+00 2.672307273131608429e+00 2.702472926968336076e+00 2.688192885822057843e+00 2.694260932475328829e+00 2.651265758419037333e+00 2.674930878528952949e+00 2.609607872563600495e+00 2.648745141914486734e+00 2.618138092878461443e+00 2.635832532447575982e+00 2.693923157984018601e+00 2.668683809655904682e+00
2.360705257451534145e+00 2.611667452985047877e+00 2.679851130425929373e+00 2.630792137309908796e+00 2.651023548695444543e+00 2.636558539855479832e+00 2.684381304559111836e+00 2.669328830045460954e+00 2.640843436884880102e+00 2.686782002153992543e+00 2.665783983463049012e+00 2.646617996037006204e+00 2.655938392615318389e+00 2.679476168349385290e+00 2.673774774765968143e+00 2.664842459350824200e+00 2.724311371225118794e+00 2.659615397650003210e+00 2.664219122266769713e+00 2.652008223894238181e+00
2.442798921602964413e+00 2.707473848909140113e+00 2.802708687871694693e+00 2.886885259056091613e+00 2.898778778725862981e+00 2.840107189339399874e+00 2.871268044412135456e+00 2.904128462481498918e+00 2.870649348610639251e+00 2.895990172004699215e+00 2.879739557391405302e+00 2.895031216374039040e+00 2.872463969731330558e+00 2.884171619093418570e+00 2.882936880898475884e+00 2.921384770622849292e+00 2.896321218049526358e+00 2.865105504149199067e+00 2.873879917165636844e+00 2.896253682368994387e+00
2.375456486836076131e+00 2.613504083865880734e+00 2.650994424559176110e+00 2.649937609362603030e+00 2.682915712493658233e+00 2.674765287366509536e+00 2.648791624152660340e+00 2.666840419709682219e+00 2.679280412989855531e+00 2.679591680195927861e+00 2.614147552296519184e+00 2.668331689253449213e+00 2.701705108493566154e+00 2.691846869152784816e+00 2.664670684343576124e+00 2.620823929211497205e+00 2.716049631199240366e+00 2.686103048634529422e+00 2.720289123952388977e+00 2.684756769078970429e+00
2.397335993134975141e+00 2.699767093876003887e+00 2.741631272166967115e+00 2.771168219044804371e+00 2.717350077474117054e+00 2.737383608692884440e+00 2.742288197880983436e+00 2.798244683009386335e+00 2.759556221437453605e+00 2.792189855492114958e+00 2.812672202342748839e+00 2.750749179899692809e+00 2.774801126641035065e+00 2.724765679162740817e+00 2.736067411512136616e+00 2.775053492495418439e+00 2.736355454409121979e+00 2.743943489694595339e+00 2.759818338391184955e+00 2.806693408301472292e+00
2.324112902820110182e+00 2.472585560572147401e+00 2.489221569117903599e+00 2.554941746908426570e+00 2.582293715000152368e+00 2.543880118334293616e+00 2.525937208122015054e+00 2.560572591868043091e+00 2.590415900737046861e+00 2.578189183771609549e+00 2.542897078087925866e+00 2.557193998926878375e+00 2.564767980217933285e+00 2.582866695663333267e+00 2.631512220880388941e+00 2.622588876780867384e+00 2.549117916411161477e+00 2.618487708759307697e+00 2.542234336555003971e+00 2.551380359256267827e+00
2.061494772695005029e+00 2.318912616690993023e+00 2.346699289840459723e+00 2.409988957211375293e+00 2.480281119751930774e+00 2.503881667432189317e+00 2.490275240395963152e+00 2.521928139859437756e+00 2.474999808329343853e+00 2.428546498380601548e+00 2.443908548849821116e+00 2.459904363045096520e+00 2.475213704410195170e+00 2.484815323194861314e+00 2.514669031605124339e+00 2.435032332050800274e+00 2.410685724315047018e+00 2.464880957156419861e+00 2.451092202025652256e+00 2.490728410187363906e+00
2.561913531298935176e+00 2.845349893024563759e+00 2.865167622804642100e+00 2.910637431252002916e+00 2.872206494882702632e+00 2.898246318751573014e+00 2.887048219054937803e+00 2.885730749493837344e+00 2.863420266616344634e+00 2.894623077356815788e+00 2.882187342482804393e+00 2.855515032553672228e+00 2.878895911347866043e+00 2.860851004555821753e+00 2.839643311801552716e+00 2.878766744324564808e+00 2.927109026956558058e+00 2.861214668101072167e+00 2.898215887734293617e+00 2.851444098430872209e+00
2.217991428731381998e+00 2.441976110231876440e+00 2.625126247715949823e+00 2.608961675524712032e+00 2.649168324697017685e+00 2.702518710494041354e+00 2.695429609346389199e+00 2.667770906695723365e+00 2.709174029037356490e+00 2.668458517175912537e+00 2.689023799759149291e+00 2.700465891438722732e+00 2.688091967159509377e+00 2.665931024068594279e+00 2.680055539402365739e+00 2.725157756355405247e+00 2.629473817312717898e+00 2.689680297178030699e+00 2.735973268163204075e+00 2.694324873885512339e+00
2.298881566399336052e+00 2.664286873930692412e+00 2.707236107417941184e+00 2.777852670949697345e+00 2.760525384694338058e+00 2.838719864231348033e+00 2.741855835413933296e+00 2.729941258394717796e+00 2.789271308302879060e+00 2.792710649737715656e+00 2.783831129759550382e+00 2.776445713335275567e+00 2.761396095785499494e+00 2.818033283469081329e+00 2.790867614814638742e+00 2.758147371405363479e+00 2.727143956258893276e+00 2.827478479504585529e+00 2.784065075623988861e+00 2.794094952660798992e+00
2.768082284206152099e+00 3.121018350067735092e+00 3.128519675803184352e+00 3.189517022210359265e+00 3.168851802009343910e+00 3.160759474241733535e+00 3.179106626689434112e+00 3.140093281209469289e+00 3.187959543427825171e+00 3.142686999344825871e+00 3.172010802921653383e+00 3.185859457951783824e+00 3.195328735655546204e+00 3.196177653396129692e+00 3.157935023921727868e+00 3.153799477976560794e+00 3.150418427109718866e+00 3.195226217645406930e+00 3.196609702134133091e+00 3.196427696430682364e+00
2.602442802026867508e+00 2.945400940614938623e+00 2.965821785601973293e+00 3.077513540881872345e+00 3.019932387733459844e+00 3.052926904946565045e+00 3.039823476058244989e+00 3.086394245177507045e+00 3.074817900872230947e+00 3.027636443185806492e+00 3.049521894592046589e+00 3.049026820695400541e+00 3.036483686131238535e+00 3.051735573375225385e+00 3.044434941697121033e+00 3.068364078611135692e+00 3.041743766885995903e+00 3.076871265235543440e+00 3.107674496984482282e+00 3.087687065511941498e+00
2.309039507678150915e+00 2.449166846993565461e+00 2.482225093254446957e+00 2.553314676728844379e+00 2.620275972017645838e+00 2.600584530606866007e+00 2.624984674832225195e+00 2.518706402134895495e+00 2.587005411273241240e+00 2.550965844798088078e+00 2.592670855778456129e+00 2.594856553831696555e+00 2.625894032800197841e+00 2.556972410240768934e+00 2.561016937464475340e+00 2.560863544219732280e+00 2.614125965207815039e+00 2.561301790156960134e+00 2.514998975527286795e+00 2.608812709331512547e+00
2.259897282826900167e+00 2.386752142369747087e+00 2.538180573359131831e+00 2.529954157230257739e+00 2.535528531014919373e+00 2.580595796382427309e+00 2.534264715334773044e+00 2.602822606515884374e+00 2.539312082636356216e+00 2.580666673940419820e+00 2.558877046063542160e+00 2.584924018067121576e+00 2.558651867884397912e+00 2.553871227255463783e+00 2.603656023243069662e+00 2.590280793479085020e+00 2.569411589068173907e+00 2.561536019250750584e+00 2.593640682315826229e+00 2.550928015452623043e+00
2.402273405161500008e+00 2.628635400474071293e+00 2.727602471667528228e+00 2.784655810159444300e+00 2.768124375057220199e+00 2.723037362730502675e+00 2.765597843647003007e+00 2.731963899594544998e+00 2.753452123928069373e+00 2.780815835517644885e+00 2.777414447104931128e+00 2.797535234922170932e+00 2.781986013954877546e+00 2.759887004381417874e+00 2.790759362885355976e+00 2.681986855065821906e+00 2.803387798413634169e+00 2.772305287355184777e+00 2.836782843679189536e+00 2.801222352844476848e+00
2.342577960082888655e+00 2.546255743196606414e+00 2.619754881536960678e+00 2.663838933384417906e+00 2.632518155521153869e+00 2.684571095591783418e+00 2.655507478439807834e+00 2.616491176638007232e+00 2.631085708716512261e+00 2.710164173352719086e+00 2.661974387419223653e+00 2.666334076288342736e+00 2.649245465305447578e+00 2.672043228739499732e+00 2.723677230864763654e+00 2.668605856007337351e+00 2.636274216833710327e+00 2.693527643972635222e+00 2.656534770286083535e+00 2.671821206700802254e+00
2.917365224504471222e+00 3.226571012735366839e+00 3.275511413627862467e+00 3.298024631023407149e+00 3.295719192874431602e+00 3.246363679969311633e+00 3.265289877229929694e+00 3.327703643244504850e+00 3.248660048699379299e+00 3.255368314242363059e+00 3.277249023404717132e+00 3.235283894520998071e+00 3.315195168820023408e+00 3.230795974534749870e+00 3.261157856041192904e+00 3.283258558577298203e+00 3.203957281565665838e+00 3.268082865017652328e+00 3.220497145390510685e+00 3.274964384806156037e+00
2.598763928332925133e+00 2.850564356425404622e+00 2.946064414894581152e+00 2.907188501965999095e+00 2.988926522433757782e+00 3.023009805053471943e+00 2.977615722873806714e+00 2.963115310138463965e+00 2.987604430842399683e+00 3.001140994033217435e+00 2.976559596565364618e+00 2.930008977615833121e+00 2.950151644879579926e+00 2.971298890697955830e+00 2.946786606818437182e+00 2.977330920076370457e+00 2.954623087358474898e+00 3.004128782212733828e+00 2.986191381135582912e+00 2.956294940477609323e+00
2.645518284302950107e+00 2.796715738323330314e+00 2.891476857408881607e+00 2.970842619517445105e+00 2.952826522552966626e+00 2.976211125105619359e+00 2.981517166483402370e+00 2.922964989256858992e+00 3.002136446502804201e+00 3.000944565582275292e+00 2.956857870221137219e+00 2.976727568566799320e+00 2.946123117724060769e+00 2.939276881170273636e+00 2.975257913932204179e+00 2.961593546074628325e+00 2.950725528153777866e+00 2.955374617415666094e+00 2.990238833415508779e+00 3.007853371244668672e+00
2.393143475088477246e+00 2.638638595542311727e+00 2.683492040044069604e+00 2.779571582597494039e+00 2.737566670057177465e+00 2.777796254491805783e+00 2.800873872730135883e+00 2.826274115157127564e+00 2.734371022212505498e+00 2.766924015551805560e+00 2.763530503779650260e+00 2.805926248893142017e+00 2.789274477303028466e+00 2.802695419290662571e+00 2.774466716024279744e+00 2.802913543558120057e+00 2.761977638131380086e+00 2.775159003120660994e+00 2.714088709035515912e+00 2.752871120512485170e+00
2.266674822157621172e+00 2.490601277443766470e+00 2.642773630592226475e+00 2.660472202102840189e+00 2.698719117274880563e+00 2.657927883768081756e+00 2.726182534611224728e+00 2.676090688270329920e+00 2.608558603760599670e+00 2.683559235879778626e+00 2.680504954034090392e+00 2.659087432631850323e+00 2.676368816351890612e+00 2.646639799594879161e+00 2.676358409142494121e+00 2.630391639667749359e+00 2.680446266821026491e+00 2.659494922551512985e+00 2.656953558623790901e+00 2.675951719450950339e+00
2.145002619948983114e+00 2.540135967057943311e+00 2.619680762714147626e+00 2.674719530618191232e+00 2.658697012087702483e+00 2.664650705772638517e+00 2.664577058944106458e+00 2.687176675748824906e+00 2.644275287973881117e+00 2.714575087749957927e+00 2.612722132122517138e+00 2.699224431014060954e+00 2.722348734307288964e+00 2.725798271018267105e+00 2.735937276613712665e+00 2.680177467718720674e+00 2.660286276343464706e+00 2.711667572769522305e+00 2.640723224031924943e+00 2.660363762992620451e+00
2.370166626343131355e+00 2.600295626351237566e+00 2.698280722215771643e+00 2.772656726112961767e+00 2.780736384850740261e+00 2.779375082308054079e+00 2.755390835544467176e+00 2.744988926199078527e+00 2.772750778597592891e+00 2.751200141459703374e+00 2.774836924225092538e+00 2.822887005835771568e+00 2.805667380267381272e+00 2.804417064177989527e+00 2.710325580385327449e+00 2.768589257365464906e+00 2.785436563044785707e+00 2.752747836032510165e+00 2.757029067602752903e+00 2.793335056227445712e+00
2.361639970450103654e+00 2.782100504487752257e+00 2.862561049240826883e+00 2.822718735852837391e+00 2.904569441330432156e+00 2.829575675380229249e+00 2.860499234712123862e+00 2.848365387707949115e+00 2.911299244832991739e+00 2.839452731809020136e+00 2.841907773280143434e+00 2.902095101875067584e+00 2.867784829175472616e+00 2.926456663340330167e+00 2.916693633633851590e+00 2.843529810580611272e+00 2.872180489629506450e+00 2.892660335224866763e+00 2.889323271372914448e+00 2.883880508968233780e+00
2.865201298075914504e+00 3.104711233347654975e+00 3.146591740202903331e+00 3.184176378348469783e+00 3.157078734922409424e+00 3.184764372533559040e+00 3.188257303786278474e+00 3.202295282584428637e+00 3.210982557708025098e+00 3.241498726379871798e+00 3.120929068523645267e+00 3.196217318153381282e+00 3.140002729505300127e+00 3.193049169003963961e+00 3.198665728169679756e+00 3.177297479873895991e+00 3.133491378080844214e+00 3.141841067755221761e+00 3.202307676011324045e+00 3.164224192905426225e+00
2.459349262961745719e+00 2.610334074741601729e+00 2.762460967004299217e+00 2.753838391518593109e+00 2.759671654438972777e+00 2.766085150867700015e+00 2.760302854895592350e+00 2.765984172305465005e+00 2.772841139605641381e+00 2.772678245946764708e+00 2.792528470513224281e+00 2.726628422766923965e+00 2.802848141855001085e+00 2.755275144678354327e+00 2.767054749044775885e+00 2.736888172417879073e+00 2.758759086400269567e+00 2.724139083713292830e+00 2.776438746881484398e+00 2.750194371747970212e+00
2.165528708603978281e+00 2.344210510516166579e+00 2.469903609675168976e+00 2.541880864995717637e+00 2.591633766973018727e+00 2.520286602121591724e+00 2.565660566276312338e+00 2.534374950134754112e+00 2.541359025201201494e+00 2.588432866734266202e+00 2.569800584390759646e+00 2.580593779370188745e+00 2.531883662670850743e+00 2.570552295562624767e+00 2.558774037241935861e+00 2.589202996668219736e+00 2.562250451219081793e+00 2.553585747373104287e+00 2.570015846616029886e+00 2.581186016154289220e+00
2.177161692327260756e+00 2.359290906324982728e+00 2.401858613279462151e+00 2.446632874456048157e+00 2.482057368701696465e+00 2.429414557418227094e+00 2.460837020739913061e+00 2.460938303428888307e+00 2.418277462786436072e+00 2.506991681924462423e+00 2.478773683667183203e+00 2.435307321235537614e+00 2.463076045837998329e+00 2.475549864126741717e+00 2.479370470324158582e+00 2.518772592717409164e+00 2.499962571275234247e+00 2.492256349755823663e+00 2.483156482368707785e+00 2.449327045789361001e+00
2.134484574066102258e+00 2.414961971306800681e+00 2.598170583206415252e+00 2.702618164625763431e+00 2.651207874539494469e+00 2.669582280501722860e+00 2.653609062463045287e+00 2.620293626523018116e+00 2.643495192247629522e+00 2.631428319925069648e+00 2.696447797396779311e+00 2.678430408990383427e+00 2.649041297984123133e+00 2.663100948131084333e+00 2.689880970853566922e+00 2.701108217301964931e+00 2.685059934192896236e+00 2.706662892758846528e+00 2.656784092354774529e+00 2.635709806421398849e+00
2.471437127539515277e+00 2.559844521000981032e+00 2.650213181436061660e+00 2.625338465496897644e+00 2.618625785657763494e+00 2.639821832594275719e+00 2.665440474456548969e+00 2.681680283749102944e+00 2.643280439490079736e+00 2.671189128020405423e+00 2.733255897545814772e+00 2.691248141247034376e+00 2.666209475484490721e+00 2.706101133263111524e+00 2.713356080347299581e+00 2.687586871337891203e+00 2.654320913329720533e+00 2.689204621565342013e+00 2.666203337365388837e+00 2.703738369765877003e+00
2.432286051082611422e+00 2.638038963183760632e+00 2.779673958000541401e+00 2.769117089426517797e+00 2.757035104292631544e+00 2.797417029142379885e+00 2.774120379006863146e+00 2.836278616839647437e+00 2.787942234432697397e+00 2.770764904707669896e+00 2.803634019041061798e+00 2.786435280832648687e+00 2.774422807458043483e+00 2.781451487046480153e+00 2.810093654674291841e+00 2.810190387922525623e+00 2.768245865792035687e+00 2.737755149507522745e+00 2.804414215996861692e+00 2.789219526693225149e+00
2.463627227291464550e+00 2.841883254158497074e+00 2.834249788197874764e+00 2.859652310836315436e+00 2.900719821256399378e+00 2.819885132613778378e+00 2.875889884430169463e+00 2.839602921375632860e+00 2.844639291235804279e+00 2.867654763406514817e+00 2.861235787761211569e+00 2.877174265027045763e+00 2.875090908366441766e+00 2.855972846281528810e+00 2.830331613177060390e+00 2.871382782196998829e+00 2.907423011875152952e+00 2.833622938328982155e+00 2.929691158789395899e+00 2.849182606965303677e+00
2.497222978922724934e+00 2.688550806257128833e+00 2.743251215648651264e+00 2.757778836414218393e+00 2.770366392898560015e+00 2.812639611768722236e+00 2.818648047411442814e+00 2.777233414122462829e+00 2.773427968329190918e+00 2.779421442860364078e+00 2.806840648892521717e+00 2.786153858318924481e+00 2.788781710401177172e+00 2.789798961025476309e+00 2.759483608999849125e+00 2.764139187371731143e+00 2.795727453246712457e+00 2.777115453273057089e+00 2.762614298233389221e+00 2.767497203399241101e+00
2.308151667550206287e+00 2.604868621855974453e+00 2.748927949583530150e+00 2.771583922490477025e+00 2.804133539694547483e+00 2.775943423885106398e+00 2.806600428739189468e+00 2.755233659806847868e+00 2.753367414265870838e+00 2.804383970665930814e+00 2.726724701076745916e+00 2.777386245912314422e+00 2.731005140897631911e+00 2.757869989937543842e+00 2.755166108083725085e+00 2.793489887484907896e+00 2.797279794234037276e+00 2.778989228117465959e+00 2.783307095319031976e+00 2.783725059092045040e+00
2.301419411751628008e+00 2.537497951945662411e+00 2.617440485873818279e+00 2.611620397633314106e+00 2.637385962498187908e+00 2.650694980779289889e+00 2.673827054986357421e+00 2.741806145820021801e+00 2.721327630680799636e+00 2.727454402258992605e+00 2.670066179317235555e+00 2.680083578589558702e+00 2.664099389532208484e+00 2.662607777622342464e+00 2.728498229914903650e+00 2.646644079190492160e+00 2.654654711574315762e+00 2.668748875010013677e+00 2.723551343882084197e+00 2.630029208078980218e+00
2.140484678497910576e+00 2.334536427912115908e+00 2.483594703805446446e+00 2.581648163059353962e+00 2.537354458552599112e+00 2.582385093107819607e+00 2.563985618478059614e+00 2.560941265681385470e+00 2.553075514096021514e+00 2.533574843001365817e+00 2.577328023570775617e+00 2.555334367236494764e+00 2.605807431945204478e+00 2.623634264051914133e+00 2.522113628110289607e+00 2.582621448707580480e+00 2.547002609312534194e+00 2.584734247770905213e+00 2.559726692864298769e+00 2.584997180145978568e+00
2.268949693992733607e+00 2.531882567608356727e+00 2.614113801139593463e+00 2.709037493640183758e+00 2.711419677132367756e+00 2.665146191427111066e+00 2.698851350617408773e+00 2.622332331377267955e+00 2.658734029349684391e+00 2.678893280614913053e+00 2.706088234362005629e+00 2.685760036259889461e+00 2.629512277841568046e+00 2.666312490183115447e+00 2.715400817477702677e+00 2.715900607857107740e+00 2.704797122284770872e+00 2.662817165464163249e+00 2.702091756743192796e+00 2.677280606788396522e+00
2.102319785482436476e+00 2.276950403246283727e+00 2.421048335975408250e+00 2.465511088195443179e+00 2.474968473985791118e+00 2.432507260295748708e+00 2.443424271759390809e+00 2.412916586366296023e+00 2.472925232613086610e+00 2.463769122308492765e+00 2.511495184838772321e+00 2.438896927905082723e+00 2.542062656480073901e+00 2.489858703465759326e+00 2.498484858593344793e+00 2.457565608465671847e+00 2.472978075718879509e+00 2.468345963105559093e+00 2.488215511494875187e+00 2.447048984730243681e+00
2.351933306825161107e+00 2.638036469709873710e+00 2.692639567726850647e+00 2.763654128706455548e+00 2.751916443639993215e+00 2.733281299433112377e+00 2.793998638325929651e+00 2.754177985137701512e+00 2.803201308733224373e+00 2.817056399896741059e+00 2.808649951702356429e+00 2.763250874948502300e+00 2.764148289510608425e+00 2.775054879552125708e+00 2.759678911015391645e+00 2.770663916182519060e+00 2.773597571220994595e+00 2.716096501269936514e+00 2.802278717726469637e+00 2.768305290651321471e+00
2.423728031823038975e+00 2.656266125079989049e+00 2.668352421104907890e+00 2.804737174016237677e+00 2.802904635798930677e+00 2.746655034863948686e+00 2.784716489899158098e+00 2.794871693792939205e+00 2.802314904665946571e+00 2.782290095543860975e+00 2.746488003605604522e+00 2.754649882626533763e+00 2.771621720653771881e+00 2.770362884593009944e+00 2.766462868115306062e+00 2.736565635672211450e+00 2.749560807222127146e+00 2.743897804200650103e+00 2.794065703555941305e+00 2.769425972536206260e+00
2.369217514225840482e+00 2.584619319337606580e+00 2.722490846228599715e+00 2.787626575481892299e+00 2.758726466101407926e+00 2.774245815494656320e+00 2.763284542137384392e+00 2.765657739949226812e+00 2.750794733887910848e+00 2.804491955202818243e+00 2.751258509135246388e+00 2.784668832206726119e+00 2.731318766313791002e+00 2.787538454031944113e+00 2.726316681271791609e+00 2.786571612012386456e+00 2.754536462157964216e+00 2.741037160807847872e+00 2.726645780974626732e+00 2.761377025580406652e+00
2.212300184100866041e+00 2.594038690564036020e+00 2.673369172480702716e+00 2.657466451859473722e+00 2.682116836303472862e+00 2.647296939006448024e+00 2.650383888989686465e+00 2.661407427686452998e+00 2.754288283485174293e+00 2.678197455930710014e+00 2.668275753495097380e+00 2.655613212257624145e+00 2.659926179885863995e+00 2.695216103911399763e+00 2.650517397585510970e+00 2.616534578123688615e+00 2.678670863622426790e+00 2.715163967567681969e+00 2.635263540929555504e+00 2.668252379503845972e+00
2.099625654077529546e+00 2.304507448282837601e+00 2.465708488488197236e+00 2.478933791932463659e+00 2.504126026621460888e+00 2.526920388239622284e+00 2.483442001965642021e+00 2.437180794361233804e+00 2.434378326225280276e+00 2.475252727195620395e+00 2.474523384484648592e+00 2.494474810960888522e+00 2.470445673382282159e+00 2.437305243143438993e+00 2.452133653157949400e+00 2.511427816048264816e+00 2.469254176259040978e+00 2.481293886172771579e+00 2.474088018903136899e+00 2.398613770806789169e+00
2.369797817474603718e+00 2.531781809741258549e+00 2.613820152908563621e+00 2.583994723433256091e+00 2.648131023812293705e+00 2.669048703628777552e+00 2.669082049188017614e+00 2.643084637060761466e+00 2.682794772773980707e+00 2.649782334083318869e+00 2.679884696066379135e+00 2.678308666867017518e+00 2.670457264024018951e+00 2.673985491755605182e+00 2.646386445873975646e+00 2.679302189940214074e+00 2.660032563257217930e+00 2.677001474171877504e+00 2.665073700508474808e+00 2.668400195896626137e+00
2.013323511373996677e+00 2.399825374501943109e+00 2.591061812263727671e+00 2.693101582461595811e+00 2.671320201358199142e+00 2.642142916068434655e+00 2.670424793100356631e+00 2.682648552393913643e+00 2.674256685325503202e+00 2.652666667413711377e+00 2.659950767552852646e+00 2.736674712130427345e+00 2.632614122667908507e+00 2.632709118556975980e+00 2.688280546087026490e+00 2.641661567893624607e+00 2.656148381406068903e+00 2.650035128062963263e+00 2.657125871181488019e+00 2.629617146897315738e+00
2.633975949835777541e+00 2.797554767167568457e+00 2.820909758520126598e+00 2.878201366263628103e+00 2.867969884121418289e+00 2.854762104678154166e+00 2.894163336980343448e+00 2.871233749079704189e+00 2.884495484203100091e+00 2.852136674362420798e+00 2.830162028092146453e+00 2.852799524995685232e+00 2.864742743137478342e+00 2.865574781051277942e+00 2.793312388443946581e+00 2.854279777860641687e+00 2.909664704716205197e+00 2.878488979363440947e+00 2.892290633815526757e+00 2.853956453046202935e+00
2.335419196280837273e+00 2.526929169708490353e+00 2.658683777129650316e+00 2.688423688787222154e+00 2.626298533397912749e+00 2.712147513866424386e+00 2.677204334589839085e+00 2.655294544953108016e+00 2.673249874353408551e+00 2.682033935269712899e+00 2.605762774845957974e+00 2.652939945524930732e+00 2.671092787075043162e+00 2.660295907184481834e+00 2.693636234691739517e+00 2.654835353395343045e+00 2.660124840286373971e+00 2.686341070955991395e+00 2.680235339140891515e+00 2.649944832864403743e+00
2.328892547380924327e+00 2.639622466912865839e+00 2.741702322262525637e+00 2.772948350092768965e+00 2.785252594220638311e+00 2.742824949204921481e+00 2.719457707434892235e+00 2.765972852402926119e+00 2.758986144918202932e+00 2.797117505884171074e+00 2.781193249073625307e+00 2.801651934570074332e+00 2.744828436616062906e+00 2.785803395384550463e+00 2.745732082253694362e+00 2.745983298718928545e+00 2.748828982084989825e+00 2.797619846266508059e+00 2.768389836490154021e+00 2.753868663808703321e+00
2.016710147869587022e+00 2.297790677353739763e+00 2.366168157523870441e+00 2.475536006739735839e+00 2.468823940372466996e+00 2.502022734466195164e+00 2.491898399290442878e+00 2.446168190908431850e+00 2.501446434882283132e+00 2.456809150922298457e+00 2.457501805788278926e+00 2.440547673752904156e+00 2.485893298006057961e+00 2.451694681686162891e+00 2.500844630691409165e+00 2.438884142279624800e+00 2.447569346131384549e+00 2.460530199027061382e+00 2.464412388908863161e+00 2.471157620275020506e+00
2.290423387381434139e+00 2.656821075189113923e+00 2.742810870528220590e+00 2.719525534856318760e+00 2.817764535045623298e+00 2.776723753091693059e+00 2.737996074864267992e+00 2.776776688715815844e+00 2.749393551230430166e+00 2.769251860445738345e+00 2.796191651749611040e+00 2.747926342451572079e+00 2.800155887156725143e+00 2.773712792813778361e+00 2.797288388502598089e+00 2.817906805381178881e+00 2.742260436639189614e+00 2.769365965199469759e+00 2.749041291320323932e+00 2.792752950161695225e+00
2.210265342968702029e+00 2.363135998199880294e+00 2.422307428622245684e+00 2.461507452398538298e+00 2.469242274220287747e+00 2.495409704911708992e+00 2.465797849136591058e+00 2.512492936509847397e+00 2.492532642862200110e+00 2.432856374093890217e+00 2.459502103611826751e+00 2.475300784042477442e+00 2.455965177151560930e+00 2.470570743030309657e+00 2.470103628841042731e+00 2.519883137890696290e+00 2.423641616103052954e+00 2.470677665445208504e+00 2.494345073881745201e+00 2.441698079094290819e+00
2.285925983807444606e+00 2.471203458717465828e+00 2.485206935536861561e+00 2.584739157655834951e+00 2.612143102672695782e+00 2.580140051117539191e+00 2.562954827615619102e+00 2.600619202214479841e+00 2.560427061834931184e+00 2.579802770021558000e+00 2.609024516639113500e+00 2.608839017575979469e+00 2.539834433758258569e+00 2.572848914992809544e+00 2.607657459372282105e+00 2.504518937960266811e+00 2.578261994713544780e+00 2.547062689131498026e+00 2.545448056882619881e+00 2.582228128284215884e+00
2.386172415825724258e+00 2.473574507492780405e+00 2.553644883829354839e+00 2.577067398467659753e+00 2.601114302873611450e+00 2.567643945583701015e+00 2.563039073753356600e+00 2.568031840187311232e+00 2.575074608236551654e+00 2.608553208872675722e+00 2.537352272662520392e+00 2.585622805395722867e+00 2.577035478806495750e+00 2.581171684312820513e+00 2.559841432651877469e+00 2.567278832337260397e+00 2.536489931845665513e+00 2.569992081928253569e+00 2.589763302868604455e+00 2.572781231495737675e+00
2.178326191401481982e+00 2.372867626056075263e+00 2.409458735325932466e+00 2.427195464193820929e+00 2.392264677393436401e+00 2.474966106019914402e+00 2.466588065770268567e+00 2.436882234308123341e+00 2.470987281444668504e+00 2.453202365398407192e+00 2.494397562268376500e+00 2.445587891253829138e+00 2.387029963603616078e+00 2.471067009502649015e+00 2.465965488007664685e+00 2.421848216575384072e+00 2.431357515075802667e+00 2.430275537738204150e+00 2.495486574023962234e+00 2.503602132105827494e+00
2.251844650843739082e+00 2.434529173147677916e+00 2.551584812867641716e+00 2.512996447986364679e+00 2.624650656861066800e+00 2.581292649304867126e+00 2.603559836065769684e+00 2.556582954615354453e+00 2.588278690674901128e+00 2.567763068303465790e+00 2.554440636014938537e+00 2.563312332528829618e+00 2.551850810584425755e+00 2.557259851300716313e+00 2.535218374934792518e+00 2.637682823881506877e+00 2.571335955044626864e+00 2.517897741630672925e+00 2.536584472844004789e+00 2.526575019019842383e+00
2.594679066759348007e+00 2.976723163184523901e+00 3.044221459805966035e+00 3.084931135711074024e+00 3.067110821545123933e+00 3.108348195165395289e+00 3.047150709635018995e+00 3.112406643599271661e+00 3.105058947241305933e+00 3.116246648800372832e+00 3.040038640731573150e+00 3.136024874749779201e+00 3.047950275707244749e+00 3.096645825779437367e+00 3.041822121113538557e+00 3.061997648888826529e+00 3.056145772570372010e+00 3.086936867269874263e+00 3.087690080839395446e+00 3.081653526315092595e+00
2.024120915286243161e+00 2.298414662930369889e+00 2.564514592126011294e+00 2.639717442584037510e+00 2.674937443470954523e+00 2.651066814357042389e+00 2.636528930243849711e+00 2.689018853601813142e+00 2.704653152592480403e+00 2.662964452254772851e+00 2.693774185809493460e+00 2.697952240923048084e+00 2.625536113005876526e+00 2.639966934755443972e+00 2.651059786164760013e+00 2.634619822806119949e+00 2.616075337773561493e+00 2.634668410724401610e+00 2.682468268221616547e+00 2.699325868389010452e+00
2.434864945074915799e+00 2.628068870699405757e+00 2.736388677158950955e+00 2.764942814749479894e+00 2.771147064167261753e+00 2.717716916757822343e+00 2.787133356273174822e+00 2.804534306234121477e+00 2.779555166876315653e+00 2.712851391360163067e+00 2.774550097191333720e+00 2.762635751122236805e+00 2.750426440009475115e+00 2.778805784839391446e+00 2.747023230654002113e+00 2.767471218708157821e+00 2.741012667804956671e+00 2.800851976820826650e+00 2.773619473403692304e+00 2.769580851316452375e+00
2.370932479095459122e+00 2.565846357172727465e+00 2.648642494246363999e+00 2.723375787067413345e+00 2.821096099078655328e+00 2.802109015947580328e+00 2.785763453513384391e+00 2.823967357343434514e+00 2.756833053833247060e+00 2.819046843320131224e+00 2.757148690998554308e+00 2.782035714259744275e+00 2.814920212161540647e+00 2.829434047171474287e+00 2.797520065644383269e+00 2.784050991195440528e+00 2.770792341169714845e+00 2.762840035450458753e+00 2.706799052488804147e+00 2.778055280438065822e+00
2.559686881205439413e+00 2.687748675453663250e+00 2.624956988415121373e+00 2.708873633188009666e+00 2.693924381113053101e+00 2.671196524584293464e+00 2.657019944182038795e+00 2.642355759358405720e+00 2.662237974840402810e+00 2.675835294905305251e+00 2.632935253503918549e+00 2.716807960826158830e+00 2.721214335453510103e+00 2.653261321932077976e+00 2.694397961580753620e+00 2.669218428233266494e+00 2.681312988579273249e+00 2.695141699650883460e+00 2.631153209441900565e+00 2.694780894142389194e+00
2.493024751952290341e+00 2.789655718177556754e+00 2.894550999146700221e+00 2.999632608729601024e+00 2.938184938168525218e+00 3.036277511829138298e+00 2.955133461719751775e+00 2.980971050697564628e+00 3.009489353173971260e+00 2.931173424237965897e+00 2.956606163379550622e+00 3.024335251763462296e+00 2.960274309557676009e+00 2.925845525652170043e+00 2.983321520262956383e+00 2.964315358936786549e+00 2.903595528590679375e+00 2.981704237452149631e+00 2.977901763638854060e+00 2.985844849753380714e+00
2.162278912562131783e+00 2.415579980233311552e+00 2.580157295072078583e+00 2.661925744688510953e+00 2.644858859908581383e+00 2.666982129022479331e+00 2.687493089827895698e+00 2.650974541082978142e+00 2.644289832475781754e+00 2.708348675179481635e+00 2.671673787313699755e+00 2.678922288179397260e+00 2.637519229966402090e+00 2.730858752599358841e+00 2.630248533701896374e+00 2.646386548757553303e+00 2.681041398361324823e+00 2.669793794041871671e+00 2.681163978800177539e+00 2.659636145943403029e+00
2.348002405598759612e+00 2.657114319375157407e+00 2.725237313762306712e+00 2.714443249243498002e+00 2.776166238963603927e+00 2.797300321620702857e+00 2.827734886953234827e+00 2.775059443891048527e+00 2.786311877015232863e+00 2.824313306385278111e+00 2.785851322415471731e+00 2.767976639783382709e+00 2.739211156338452469e+00 2.794625309431552740e+00 2.736147317126393474e+00 2.763788828718662050e+00 2.743538080343603802e+00 2.762235113182664570e+00 2.771888016152381784e+00 2.773352373963595241e+00
2.715989944767952302e+00 2.939619294303655650e+00 3.048448715484142202e+00 3.079780913123488340e+00 3.090889071112870923e+00 3.051855376076698434e+00 3.073437754923105558e+00 3.082887321507930878e+00 3.110665840762853129e+00 3.092088087254762918e+00 3.063017161315679360e+00 3.097301519280671656e+00 3.099439753389357843e+00 3.066429923450946671e+00 3.062024994790554455e+00 3.064803452038765030e+00 3.098019852960109510e+00 3.059556358128785902e+00 3.076322540453076737e+00 3.050065486377477431e+00
2.156177324110268856e+00 2.404779984506964841e+00 2.636955285128951942e+00 2.638427189351618463e+00 2.714866338178515637e+00 2.665193944945931648e+00 2.673577970582246444e+00 2.671252714025974306e+00 2.638078929412364992e+00 2.686406226298213351e+00 2.699110218325257549e+00 2.637836330178379818e+00 2.677839827930927008e+00 2.630548134142161043e+00 2.619032015046477202e+00 2.712630152344703394e+00 2.659284534466266781e+00 2.630426810976862928e+00 2.641452404069900339e+00 2.654108905166387533e+00
2.552422140616178670e+00 2.581123343986273078e+00 2.673712773153186006e+00 2.658245426017046054e+00 2.660338208377361457e+00 2.643838333025574805e+00 2.676422477787733012e+00 2.676956065058708312e+00 2.675561054143309470e+00 2.684571617308258773e+00 2.678670387977361234e+00 2.722429903537035401e+00 2.642472762617468884e+00 2.734045884227752854e+00 2.643162010359763947e+00 2.669107010176777983e+00 2.683362444251776058e+00 2.666084625649452367e+00 2.692356837117671819e+00 2.678596181297302259e+00
2.398968700283765632e+00 2.543916881567239940e+00 2.608017409467697334e+00 2.673805554085969760e+00 2.690073792669176456e+00 2.719217552775144764e+00 2.719286631399393528e+00 2.654647093391418355e+00 2.679845719605684629e+00 2.662350015377997980e+00 2.653650450736284583e+00 2.686805725064874029e+00 2.693233906549215462e+00 2.675845213609933548e+00 2.669071160942315668e+00 2.661214777997136238e+00 2.644535143262148225e+00 2.629284069922566136e+00 2.649085577881335585e+00 2.692588785743713409e+00
1.950568924464285203e+00 2.310445980867743554e+00 2.455646825566887959e+00 2.582922861841320916e+00 2.600764118957519688e+00 2.546969625100493406e+00 2.538404337391257481e+00 2.544652361369132976e+00 2.591835840302705307e+00 2.543637967914342823e+00 2.550137339478731224e+00 2.572234544911980780e+00 2.583551259982586057e+00 2.541927974173426197e+00 2.558732312291860378e+00 2.613389786776900259e+00 2.555873585647344903e+00 2.609042639768123450e+00 2.566069587796926399e+00 2.598333953356743109e+00
2.009790625172853229e+00 2.261857069867849290e+00 2.414739296257495837e+00 2.501833876892924469e+00 2.446618951162696121e+00 2.480094958482682799e+00 2.495746585077047275e+00 2.454723853757977636e+00 2.483693035525083470e+00 2.467685717287659397e+00 2.451833697608113205e+00 2.463040507459640871e+00 2.492757364007830656e+00 2.454372303856908744e+00 2.451866853860020790e+00 2.495261172971129149e+00 2.480729236570000662e+00 2.437229815313219916e+00 2.489942909762263401e+00 2.476210529142618189e+00
2.503092009642720495e+00 2.894769304853677561e+00 2.918080652713775258e+00 2.964575503545999968e+00 3.009685641163587277e+00 2.999436290317774034e+00 2.973017986148596581e+00 2.992466218078137175e+00 2.955877311509847338e+00 2.994785687839984778e+00 2.945040126326680330e+00 2.966172774571180781e+00 2.956144584971666323e+00 2.967369408023357025e+00 2.984214566838741867e+00 2.915515746051072998e+00 2.932499262511730098e+00 2.955979283469915231e+00 3.008725941526889880e+00 2.995673232421278698e+00
2.396440492135286426e+00 2.697963520389795367e+00 2.782605982866883210e+00 2.871574570247530378e+00 2.929124977654218309e+00 2.933836984884738985e+00 2.865376927995681555e+00 2.845627995300293200e+00 2.845036146086454387e+00 2.841980563074349764e+00 2.865344904297590034e+00 2.865641512566805105e+00 2.873993054360150623e+00 2.849984729278087325e+00 2.853514977255463769e+00 2.860106159985065233e+00 2.882104572153091127e+00 2.878028383323550266e+00 2.851598476934433357e+00 2.894762050130962994e+00
2.922300039732456334e+00 3.020086482381821202e+00 3.030574525833129584e+00 3.058873701840639114e+00 3.067799510130285956e+00 3.093954550677537885e+00 3.088529842677711912e+00 3.091445290923118705e+00 3.047685967540740393e+00 3.065717044174671280e+00 3.024390877661109034e+00 3.093416537404060751e+00 3.056061121076345533e+00 3.100944344866276570e+00 3.109286520153284439e+00 3.075290325284004034e+00 3.069119591176510120e+00 3.098857213693857027e+00 3.049238405770063221e+00 3.087370113331079580e+00
2.637864903637766378e+00 2.738990843439101930e+00 2.765729962527751606e+00 2.768207443827390701e+00 2.822123931878805170e+00 2.750125747650861818e+00 2.791048000001907781e+00 2.778190491867065237e+00 2.757150919902324304e+00 2.767115880805254058e+00 2.752861047056317734e+00 2.747838820147515015e+00 2.749954132404923701e+00 2.758902343833446569e+00 2.754078649055958117e+00 2.809237861323357066e+00 2.783940385156869812e+00 2.808341107261180802e+00 2.773310359314083762e+00 2.718168069893121874e+00
1.961767803262173926e+00 2.327727344718575786e+00 2.483082515659928546e+00 2.568526660913228898e+00 2.551161451187729856e+00 2.558216474404931162e+00 2.582381257405877317e+00 2.589083212697506298e+00 2.606472556611895364e+00 2.624714240849018054e+00 2.511228250771760706e+00 2.573348257115483317e+00 2.548173244914412550e+00 2.572156916284561223e+00 2.599217499718069924e+00 2.577423391574621192e+00 2.566451152569054983e+00 2.554603518894314806e+00 2.554653088572621300e+00 2.620677480828762285e+00
2.575814413422346405e+00 2.737845268595218595e+00 2.882949859762191647e+00 2.808984516435861778e+00 2.846152779090404650e+00 2.846189124339819632e+00 2.906479939097166731e+00 2.863663417810201839e+00 2.881513850426673962e+00 2.791625039222836335e+00 2.902375195121765561e+00 2.859659465605020490e+00 2.828234507140516385e+00 2.917876437813043733e+00 2.850018621999025115e+00 2.875982660651207556e+00 2.875416273266077294e+00 2.895475847306847594e+00 2.888334712392091941e+00 2.861584430268406809e+00
2.174388599827886015e+00 2.505713606572151253e+00 2.648123467040061740e+00 2.645407110369205395e+00 2.680560347840189372e+00 2.706830628001690719e+00 2.679683211904763773e+00 2.611208267205953337e+00 2.650958079117536226e+00 2.645591290599107470e+00 2.628944740575552608e+00 2.664926980525255562e+00 2.644184226632118051e+00 2.701553876104950902e+00 2.692989272737502660e+00 2.681748212820291410e+00 2.624194857144355630e+00 2.697155026307701764e+00 2.650099449437856247e+00 2.658474725711345688e+00
2.266310773414373259e+00 2.539567105272412029e+00 2.632421033650636399e+00 2.666296825268864801e+00 2.662503766906261671e+00 2.654481696560978765e+00 2.676189944413303934e+00 2.677606875523924845e+00 2.659622766390442816e+00 2.656644231158495018e+00 2.663692168259620630e+00 2.728633953708410331e+00 2.619387922179699402e+00 2.683929503905773117e+00 2.689304509556293521e+00 2.669816977947950143e+00 2.693450715148448360e+00 2.703256962198019142e+00 2.668882163119316253e+00 2.615937553894519763e+00
2.401511872717738250e+00 2.682578259882330229e+00 2.817569286423921682e+00 2.832954524886608372e+00 2.841392264896630770e+00 2.928543295073508634e+00 2.854500636467337760e+00 2.825698030674457240e+00 2.831578111851214885e+00 2.826936470645665445e+00 2.918967026335002046e+00 2.895787176287174081e+00 2.868043823796510683e+00 2.871775549685955387e+00 2.829955953752994358e+00 2.890770987665653102e+00 2.864300799894333061e+00 2.900047673243284496e+00 2.881021642982960262e+00 2.857714336466789184e+00
2.303408498769998314e+00 2.474845928773283799e+00 2.653828672963380875e+00 2.635481045991181936e+00 2.670502554643154003e+00 2.690520202323794408e+00 2.649884604591131065e+00 2.684600583630800230e+00 2.672420516487955311e+00 2.620800154343247534e+00 2.657831093940138611e+00 2.673034590268135169e+00 2.683421461859345492e+00 2.662579969263077384e+00 2.686372139889002142e+00 2.694298354500531900e+00 2.677875672188401168e+00 2.669389745408297099e+00 2.653499877142906360e+00 2.714174352183937877e+00
2.167028261302411440e+00 2.332037727379798753e+00 2.388023558312654782e+00 2.504302503934502599e+00 2.430231445717811578e+00 2.440745003432035709e+00 2.479522620356082729e+00 2.426804518163204527e+00 2.435786814168095393e+00 2.430032254672050751e+00 2.415588756361603195e+00 2.486181267362833403e+00 2.481698931419849874e+00 2.500137134221196433e+00 2.451358516407013077e+00 2.461792040994763120e+00 2.485961921569705080e+00 2.429606825724244246e+00 2.435598909592628480e+00 2.506151976287365191e+00
2.611609691131115518e+00 2.624782510998845186e+00 2.628850754240155130e+00 2.695282157045602478e+00 2.664247709089518246e+00 2.674827727749944373e+00 2.667486712312698849e+00 2.653632760214805320e+00 2.677423896798491576e+00 2.682245255473256318e+00 2.652028075289726505e+00 2.659097247773408945e+00 2.666894989290833351e+00 2.691322348088025951e+00 2.679897029349207926e+00 2.686105518466233466e+00 2.651115400326251592e+00 2.709980344617366477e+00 2.699483453211187989e+00 2.653264496946334816e+00
2.218694210606813488e+00 2.555545351085066752e+00 2.795312542542815137e+00 2.850798928558826439e+00 2.881404253098368340e+00 2.884372642010450072e+00 2.912269914105534596e+00 2.848566725209355610e+00 2.832860429516435019e+00 2.850365640705823544e+00 2.879157532894611293e+00 2.902048670980334588e+00 2.908441216403245377e+00 2.919287953478097997e+00 2.853405832779407625e+00 2.910352722299099248e+00 2.786707954120635655e+00 2.867633992454408975e+00 2.826247656959294918e+00 2.889832826358079920e+00
2.198543360817432735e+00 2.472376667714118792e+00 2.621981637851893865e+00 2.645282815039158297e+00 2.673426933237910141e+00 2.657734060859680003e+00 2.662949157643318632e+00 2.639103659442067595e+00 2.608665134182572398e+00 2.696195177930593267e+00 2.653656661912799031e+00 2.645028494668006935e+00 2.700763659954071194e+00 2.707843576528131901e+00 2.669358601719140633e+00 2.686158288684487250e+00 2.690552351361512606e+00 2.646549296522140438e+00 2.633623941478133279e+00 2.659248449099064437e+00
2.674005062958598078e+00 2.861848264676333020e+00 2.991069033646584163e+00 2.946791898277402399e+00 2.961975491958856566e+00 3.022153996270894982e+00 2.985592815756798579e+00 2.960770979088545030e+00 2.998709602165221977e+00 3.009491705203056533e+00 2.981521567478775836e+00 2.963723430138825776e+00 2.985144878166913873e+00 2.930626660186051780e+00 2.985502236223220862e+00 2.985965825766324855e+00 2.969343179479241090e+00 2.927851545423268753e+00 2.962846021586656331e+00 2.961104008448124159e+00
2.485120455741882672e+00 2.732808080193399825e+00 2.862730886650085793e+00 2.824742383497953924e+00 2.939329788869619708e+00 2.880971286499499406e+00 2.841284788373112491e+00 2.873877270549535901e+00 2.857801483345031812e+00 2.844164115124940384e+00 2.817326578408480664e+00 2.855403252452611618e+00 2.851422291493415528e+00 2.880962311974167189e+00 2.857496992576122441e+00 2.903981947875022840e+00 2.866587953746318806e+00 2.875258082032203788e+00 2.887373568108677624e+00 2.853901597172022075e+00
2.695975890654325635e+00 2.867825525367259765e+00 2.937115840026736979e+00 2.961666593146324189e+00 3.006533568304777138e+00 2.898695980936289107e+00 2.974709746682643541e+00 2.983185795068740820e+00 2.977807918226718975e+00 2.980162772190571019e+00 2.938566320717334257e+00 2.966277170652150907e+00 2.990352741599082709e+00 2.987302336835860661e+00 2.996004754799605152e+00 2.985422972083091597e+00 2.999546848028897816e+00 2.969620972585677698e+00 2.979189647758007542e+00 2.922844395694136566e+00
2.325803668224811549e+00 2.540502973294258116e+00 2.622899432346224469e+00 2.660317873042822079e+00 2.669854010277985967e+00 2.637883974093198969e+00 2.648129757010936558e+00 2.676153506445885455e+00 2.718574019807577624e+00 2.739166773313284065e+00 2.697094947645068519e+00 2.653465379285811832e+00 2.646197531890869037e+00 2.680024474635720466e+00 2.645549072712659822e+00 2.679776121559739099e+00 2.631589268654584757e+00 2.640443483167886907e+00 2.692171845984459022e+00 2.708683680906891489e+00
2.342811074098944957e+00 2.642573662987351302e+00 2.753921622616052112e+00 2.735111825239658234e+00 2.775940110111236425e+00 2.796968128150701283e+00 2.761358157616853770e+00 2.751617177352309707e+00 2.741960225188731393e+00 2.758745502433180175e+00 2.765376086741686112e+00 2.774526033231615951e+00 2.755353239208460092e+00 2.792467477339506399e+00 2.795433421140909314e+00 2.806200008803606316e+00 2.797660151112079774e+00 2.798244374760985309e+00 2.762565857452153661e+00 2.751074516409635073e+00
2.318273946399986407e+00 2.487209544101357306e+00 2.532606318938732226e+00 2.541265381604433049e+00 2.535026581659912903e+00 2.558085479515790794e+00 2.544526436528563806e+00 2.587077324041723969e+00 2.562358336791396241e+00 2.528940735495090575e+00 2.544683476573228909e+00 2.524220591980219197e+00 2.595577605144679723e+00 2.575187431162595963e+00 2.563214083927869424e+00 2.550929268109798365e+00 2.548343263188004748e+00 2.566412871831655451e+00 2.565772875601053382e+00 2.615040833055973124e+00
2.052968033999204245e+00 2.341301753568649335e+00 2.419372591367364045e+00 2.454930248028039497e+00 2.467940983504056884e+00 2.465051682567596547e+00 2.511679604905844077e+00 2.467623272407054813e+00 2.437983885070681644e+00 2.428622194474935547e+00 2.458131077721715130e+00 2.486660354274511153e+00 2.464219582845270651e+00 2.458698352798819098e+00 2.491575890329480458e+00 2.443308354914188296e+00 2.469030927124619357e+00 2.438349293980002219e+00 2.477285413554310978e+00 2.450363096055388823e+00
2.250586174911260784e+00 2.456091815415025081e+00 2.519149580430984692e+00 2.562545790109038713e+00 2.543384460753202791e+00 2.596589789703488638e+00 2.594484811124205592e+00 2.550829627922177156e+00 2.553999117478728209e+00 2.531793186530470585e+00 2.541115751871466877e+00 2.573567286387086206e+00 2.568271149757504368e+00 2.555556295222044305e+00 2.585188861960172613e+00 2.609696188449859733e+00 2.566238942223787234e+00 2.599162963169813434e+00 2.559486989665031853e+00 2.529638872891664114e+00
2.193438182702660555e+00 2.601122994157671897e+00 2.714154288250207436e+00 2.736929126736521667e+00 2.741404083466529862e+00 2.737508994352817027e+00 2.791142005264759529e+00 2.739297104242444547e+00 2.777647264429926821e+00 2.739084794068335604e+00 2.780929604399204891e+00 2.805415479040146209e+00 2.749351313114166473e+00 2.773985236835479817e+00 2.760566201743483994e+00 2.752232030966878185e+00 2.755689379405975359e+00 2.792136041146517478e+00 2.761759347110987139e+00 2.792096753478050530e+00
2.387854794701933514e+00 2.636362307366728608e+00 2.765428446352481640e+00 2.867332152003049917e+00 2.890487886837125320e+00 2.921144209519028312e+00 2.888718867641687282e+00 2.831589907553791807e+00 2.871467173963784703e+00 2.851052327126263997e+00 2.897938479882478546e+00 2.886159941607713719e+00 2.871663113528490019e+00 2.905936080068350247e+00 2.882064312091469738e+00 2.890857565227150872e+00 2.804651335269212620e+00 2.902035599160194490e+00 2.862693955093622122e+00 2.915317579835654094e+00
