3.990296
3.958089
2.440079
3.974863
3.980499
4.002335
4.011911
4.008923
3.97851
3.969035
3.984503
3.966852
3.973701
2.448981
3.979613
4.012788
3.96724
3.97885
3.965312
3.91219
3.969242
3.990377
3.973377
3.997687
4.002573
3.999694
3.96915
4.001486
3.989766
3.962965
3.983683
4.01051
3.983829
3.962425
2.472703
4.016431
3.967646
4.016246
4.009886
3.961093
4.002768
3.977796
3.96648
3.979161
3.94681
3.969524
3.963499
4.004759
3.96769
2.454793
3.97536
3.986346
3.94883
3.969988
3.968716
2.481806
4.002698
2.471299
4.024452
3.979855
2.466777
3.971672
4.028871
3.989164
3.98211
3.998212
3.992468
3.98992
3.965344
3.979045
3.976397
4.011664
4.015994
3.965811
3.951331
2.456352
3.99225
3.97156
3.983922
3.989737
3.979398
3.993575
3.957452
3.959355
4.021413
3.957537
2.483625
3.97905
3.966455
3.997294
3.979012
3.990364
3.983525
3.975653
3.977336
3.993316
2.453136
3.981082
3.991046
4.001648
