1.202053 1.202053 1.202053 1.202053 1.202053 1.202053 1.202053 1.202053 1.202053 1.202053 1.202053 1.202053 1.202053 1.202053 1.202053
1.198868 1.198868 1.198868 1.198868 1.198868 1.198868 1.198868 1.198868 1.198868 1.198868 1.198868 1.198868 1.198868 1.198868 1.198868
8.196243 8.196243 8.196243 8.196243 8.196243 8.196243 8.196243 8.196243 8.196243 8.196243 8.196243 8.196243 8.196243 8.196243 8.196243
1.201569 1.201569 1.201569 1.201569 1.201569 1.201569 1.201569 1.201569 1.201569 1.201569 1.201569 1.201569 1.201569 1.201569 1.201569
1.205937 1.205937 1.205937 1.205937 1.205937 1.205937 1.205937 1.205937 1.205937 1.205937 1.205937 1.205937 1.205937 1.205937 1.205937
1.209334 1.209334 1.209334 1.209334 1.209334 1.209334 1.209334 1.209334 1.209334 1.209334 1.209334 1.209334 1.209334 1.209334 1.209334
1.202029 1.202029 1.202029 1.202029 1.202029 1.202029 1.202029 1.202029 1.202029 1.202029 1.202029 1.202029 1.202029 1.202029 1.202029
1.199785 1.199785 1.199785 1.199785 1.199785 1.199785 1.199785 1.199785 1.199785 1.199785 1.199785 1.199785 1.199785 1.199785 1.199785
1.203365 1.203365 1.203365 1.203365 1.203365 1.203365 1.203365 1.203365 1.203365 1.203365 1.203365 1.203365 1.203365 1.203365 1.203365
1.209746 1.209746 1.209746 1.209746 1.209746 1.209746 1.209746 1.209746 1.209746 1.209746 1.209746 1.209746 1.209746 1.209746 1.209746
1.202255 1.202255 1.202255 1.202255 1.202255 1.202255 1.202255 1.202255 1.202255 1.202255 1.202255 1.202255 1.202255 1.202255 1.202255
1.206318 1.206318 1.206318 1.206318 1.206318 1.206318 1.206318 1.206318 1.206318 1.206318 1.206318 1.206318 1.206318 1.206318 1.206318
1.203244 1.203244 1.203244 1.203244 1.203244 1.203244 1.203244 1.203244 1.203244 1.203244 1.203244 1.203244 1.203244 1.203244 1.203244
8.191563 8.191563 8.191563 8.191563 8.191563 8.191563 8.191563 8.191563 8.191563 8.191563 8.191563 8.191563 8.191563 8.191563 8.191563
1.206911 1.206911 1.206911 1.206911 1.206911 1.206911 1.206911 1.206911 1.206911 1.206911 1.206911 1.206911 1.206911 1.206911 1.206911
1.208137 1.208137 1.208137 1.208137 1.208137 1.208137 1.208137 1.208137 1.208137 1.208137 1.208137 1.208137 1.208137 1.208137 1.208137
1.196841 1.196841 1.196841 1.196841 1.196841 1.196841 1.196841 1.196841 1.196841 1.196841 1.196841 1.196841 1.196841 1.196841 1.196841
1.203073 1.203073 1.203073 1.203073 1.203073 1.203073 1.203073 1.203073 1.203073 1.203073 1.203073 1.203073 1.203073 1.203073 1.203073
1.204458 1.204458 1.204458 1.204458 1.204458 1.204458 1.204458 1.204458 1.204458 1.204458 1.204458 1.204458 1.204458 1.204458 1.204458
1.19975 1.19975 1.19975 1.19975 1.19975 1.19975 1.19975 1.19975 1.19975 1.19975 1.19975 1.19975 1.19975 1.19975 8.199722
1.20054 1.20054 1.20054 1.20054 1.20054 1.20054 1.20054 1.20054 1.20054 1.20054 1.20054 1.20054 1.20054 1.20054 1.20054
1.20591 1.20591 1.20591 1.20591 1.20591 1.20591 1.20591 1.20591 1.20591 1.20591 1.20591 1.20591 1.20591 1.20591 1.20591
1.202157 1.202157 1.202157 1.202157 1.202157 1.202157 1.202157 1.202157 1.202157 1.202157 1.202157 1.202157 1.202157 1.202157 1.202157
1.196875 1.196875 1.196875 1.196875 1.196875 1.196875 1.196875 1.196875 1.196875 1.196875 1.196875 1.196875 1.196875 1.196875 1.196875
1.20677 1.20677 1.20677 1.20677 1.20677 1.20677 1.20677 1.20677 1.20677 1.20677 1.20677 1.20677 1.20677 1.20677 1.20677
1.203243 1.203243 1.203243 1.203243 1.203243 1.203243 1.203243 1.203243 1.203243 1.203243 1.203243 1.203243 1.203243 1.203243 1.203243
1.209284 1.209284 1.209284 1.209284 1.209284 1.209284 1.209284 1.209284 1.209284 1.209284 1.209284 1.209284 1.209284 1.209284 1.209284
1.2069 1.2069 1.2069 1.2069 1.2069 1.2069 1.2069 1.2069 1.2069 1.2069 1.2069 1.2069 1.2069 1.2069 1.2069
1.199672 1.199672 1.199672 1.199672 1.199672 1.199672 1.199672 1.199672 1.199672 1.199672 1.199672 1.199672 1.199672 1.199672 1.199672
1.208914 1.208914 1.208914 1.208914 1.208914 1.208914 1.208914 1.208914 1.208914 1.208914 1.208914 1.208914 1.208914 1.208914 1.208914
1.209046 1.209046 1.209046 1.209046 1.209046 1.209046 1.209046 1.209046 1.209046 1.209046 1.209046 1.209046 1.209046 1.209046 1.209046
1.200091 1.200091 1.200091 1.200091 1.200091 1.200091 1.200091 1.200091 1.200091 1.200091 1.200091 1.200091 1.200091 1.200091 1.200091
1.205967 1.205967 1.205967 1.205967 1.205967 1.205967 1.205967 1.205967 1.205967 1.205967 1.205967 1.205967 1.205967 1.205967 1.205967
1.203142 1.203142 1.203142 1.203142 1.203142 1.203142 1.203142 1.203142 1.203142 1.203142 1.203142 1.203142 1.203142 1.203142 1.203142
8.211201 8.211201 8.211201 8.211201 8.211201 8.211201 8.211201 8.211201 8.211201 8.211201 8.211201 8.211201 8.211201 8.211201 8.211201
1.205753 1.205753 1.205753 1.205753 1.205753 1.205753 1.205753 1.205753 1.205753 1.205753 1.205753 1.205753 1.205753 1.205753 1.205753
1.199053 1.199053 1.199053 1.199053 1.199053 1.199053 1.199053 1.199053 1.199053 1.199053 1.199053 1.199053 1.199053 1.199053 1.199053
1.200644 1.200644 1.200644 1.200644 1.200644 1.200644 1.200644 1.200644 1.200644 1.200644 1.200644 1.200644 1.200644 1.200644 1.200644
1.20275 1.20275 1.20275 1.20275 1.20275 1.20275 1.20275 1.20275 1.20275 1.20275 1.20275 1.20275 1.20275 1.20275 1.20275
1.205483 1.205483 1.205483 1.205483 1.205483 1.205483 1.205483 1.205483 1.205483 1.205483 1.205483 1.205483 1.205483 1.205483 1.205483
1.204023 1.204023 1.204023 1.204023 1.204023 1.204023 1.204023 1.204023 1.204023 1.204023 1.204023 1.204023 1.204023 1.204023 1.204023
1.210029 1.210029 1.210029 1.210029 1.210029 1.210029 1.210029 1.210029 1.210029 1.210029 1.210029 1.210029 1.210029 1.210029 1.210029
1.207525 1.207525 1.207525 1.207525 1.207525 1.207525 1.207525 1.207525 1.207525 1.207525 1.207525 1.207525 1.207525 1.207525 1.207525
1.196769 1.196769 1.196769 1.196769 1.196769 1.196769 1.196769 1.196769 1.196769 1.196769 1.196769 1.196769 1.196769 1.196769 1.196769
1.20095 1.20095 1.20095 1.20095 1.20095 1.20095 1.20095 1.20095 1.20095 1.20095 1.20095 1.20095 1.20095 1.20095 1.20095
1.197119 1.197119 1.197119 1.197119 1.197119 1.197119 1.197119 1.197119 1.197119 1.197119 1.197119 1.197119 1.197119 1.197119 1.197119
1.202816 1.202816 1.202816 1.202816 1.202816 1.202816 1.202816 1.202816 1.202816 1.202816 1.202816 1.202816 1.202816 1.202816 1.202816
1.203871 1.203871 1.203871 1.203871 1.203871 1.203871 1.203871 1.203871 1.203871 1.203871 1.203871 1.203871 1.203871 1.203871 1.203871
1.209049 1.209049 1.209049 1.209049 1.209049 1.209049 1.209049 1.209049 1.209049 1.209049 1.209049 1.209049 1.209049 1.209049 1.209049
8.216391 8.216391 8.216391 8.216391 8.216391 8.216391 8.216391 8.216391 8.216391 8.216391 8.216391 8.216391 8.216391 8.216391 8.216391
1.201378 1.201378 1.201378 1.201378 1.201378 1.201378 1.201378 1.201378 1.201378 1.201378 1.201378 1.201378 1.201378 1.201378 1.201378
1.204191 1.204191 1.204191 1.204191 1.204191 1.204191 1.204191 1.204191 1.204191 1.204191 1.204191 1.204191 1.204191 1.204191 1.204191
1.208957 1.208957 1.208957 1.208957 1.208957 1.208957 1.208957 1.208957 1.208957 1.208957 1.208957 1.208957 1.208957 1.208957 1.208957
1.200265 1.200265 1.200265 1.200265 1.200265 1.200265 1.200265 1.200265 1.200265 1.200265 1.200265 1.200265 1.200265 1.200265 1.200265
1.201463 1.201463 1.201463 1.201463 1.201463 1.201463 1.201463 1.201463 1.201463 1.201463 1.201463 1.201463 1.201463 1.201463 1.201463
8.170728 8.170728 8.170728 8.170728 8.170728 8.170728 8.170728 8.170728 8.170728 8.170728 8.170728 8.170728 8.170728 8.170728 8.170728
1.202811 1.202811 1.202811 1.202811 1.202811 1.202811 1.202811 1.202811 1.202811 1.202811 1.202811 1.202811 1.202811 1.202811 1.202811
8.195744 8.195744 8.195744 8.195744 8.195744 8.195744 8.195744 8.195744 8.195744 8.195744 8.195744 8.195744 8.195744 8.195744 8.195744
1.202569 1.202569 1.202569 1.202569 1.202569 1.202569 1.202569 1.202569 1.202569 1.202569 1.202569 1.202569 1.202569 1.202569 1.202569
1.205335 1.205335 1.205335 1.205335 1.205335 1.205335 1.205335 1.205335 1.205335 1.205335 1.205335 1.205335 1.205335 1.205335 1.205335
8.219868 8.219868 8.219868 8.219868 8.219868 8.219868 8.219868 8.219868 8.219868 8.219868 8.219868 8.219868 8.219868 8.219868 8.219868
1.203825 1.203825 1.203825 1.203825 1.203825 1.203825 1.203825 1.203825 1.203825 1.203825 1.203825 1.203825 1.203825 1.203825 1.203825
1.199891 1.199891 1.199891 1.199891 1.199891 1.199891 1.199891 1.199891 1.199891 1.199891 1.199891 1.199891 1.199891 1.199891 1.199891
1.208104 1.208104 1.208104 1.208104 1.208104 1.208104 1.208104 1.208104 1.208104 1.208104 1.208104 1.208104 1.208104 1.208104 1.208104
1.202079 1.202079 1.202079 1.202079 1.202079 1.202079 1.202079 1.202079 1.202079 1.202079 1.202079 1.202079 1.202079 1.202079 1.202079
1.19908 1.19908 1.19908 1.19908 1.19908 1.19908 1.19908 1.19908 1.19908 1.19908 1.19908 1.19908 1.19908 1.19908 1.19908
1.208736 1.208736 1.208736 1.208736 1.208736 1.208736 1.208736 1.208736 1.208736 1.208736 1.208736 1.208736 1.208736 1.208736 1.208736
1.210437 1.210437 1.210437 1.210437 1.210437 1.210437 1.210437 1.210437 1.210437 1.210437 1.210437 1.210437 1.210437 1.210437 1.210437
1.204391 1.204391 1.204391 1.204391 1.204391 1.204391 1.204391 1.204391 1.204391 1.204391 1.204391 1.204391 1.204391 1.204391 1.204391
1.2026 1.2026 1.2026 1.2026 1.2026 1.2026 1.2026 1.2026 1.2026 1.2026 1.2026 1.2026 1.2026 1.2026 1.2026
1.198504 1.198504 1.198504 1.198504 1.198504 1.198504 1.198504 1.198504 1.198504 1.198504 1.198504 1.198504 1.198504 1.198504 1.198504
1.204179 1.204179 1.204179 1.204179 1.204179 1.204179 1.204179 1.204179 1.204179 1.204179 1.204179 1.204179 1.204179 1.204179 1.204179
1.203517 1.203517 1.203517 1.203517 1.203517 1.203517 1.203517 1.203517 1.203517 1.203517 1.203517 1.203517 1.203517 1.203517 1.203517
1.205775 1.205775 1.205775 1.205775 1.205775 1.205775 1.205775 1.205775 1.205775 1.205775 1.205775 1.205775 1.205775 1.205775 1.205775
1.206776 1.206776 1.206776 1.206776 1.206776 1.206776 1.206776 1.206776 1.206776 1.206776 1.206776 1.206776 1.206776 1.206776 1.206776
8.176982 8.176982 8.176982 8.176982 8.176982 8.176982 8.176982 8.176982 8.176982 8.176982 8.176982 8.176982 8.176982 8.176982 8.176982
1.196601 1.196601 1.196601 1.196601 1.196601 1.196601 1.196601 1.196601 1.196601 1.196601 1.196601 1.196601 1.196601 1.196601 1.196601
1.209425 1.209425 1.209425 1.209425 1.209425 1.209425 1.209425 1.209425 1.209425 1.209425 1.209425 1.209425 1.209425 1.209425 1.209425
1.198211 1.198211 1.198211 1.198211 1.198211 1.198211 1.198211 1.198211 1.198211 1.198211 1.198211 1.198211 1.198211 1.198211 1.198211
1.208148 1.208148 1.208148 1.208148 1.208148 1.208148 1.208148 1.208148 1.208148 1.208148 1.208148 1.208148 1.208148 1.208148 1.208148
1.203828 1.203828 1.203828 1.203828 1.203828 1.203828 1.203828 1.203828 1.203828 1.203828 1.203828 1.203828 1.203828 1.203828 1.203828
1.20347 1.20347 1.20347 1.20347 1.20347 1.20347 1.20347 1.20347 1.20347 1.20347 1.20347 1.20347 1.20347 1.20347 1.20347
1.204253 1.204253 1.204253 1.204253 1.204253 1.204253 1.204253 1.204253 1.204253 1.204253 1.204253 1.204253 1.204253 1.204253 1.204253
1.201502 1.201502 1.201502 1.201502 1.201502 1.201502 1.201502 1.201502 1.201502 1.201502 1.201502 1.201502 1.201502 1.201502 1.201502
1.198285 1.198285 1.198285 1.198285 1.198285 1.198285 1.198285 1.198285 1.198285 1.198285 1.198285 1.198285 1.198285 1.198285 1.198285
1.203035 1.203035 1.203035 1.203035 1.203035 1.203035 1.203035 1.203035 1.203035 1.203035 1.203035 1.203035 1.203035 1.203035 1.203035
8.184328 8.184328 8.184328 8.184328 8.184328 8.184328 8.184328 8.184328 8.184328 8.184328 8.184328 8.184328 8.184328 8.184328 8.184328
1.200139 1.200139 1.200139 1.200139 1.200139 1.200139 1.200139 1.200139 1.200139 1.200139 1.200139 1.200139 1.200139 1.200139 1.200139
1.208835 1.208835 1.208835 1.208835 1.208835 1.208835 1.208835 1.208835 1.208835 1.208835 1.208835 1.208835 1.208835 1.208835 1.208835
1.200845 1.200845 1.200845 1.200845 1.200845 1.200845 1.200845 1.200845 1.200845 1.200845 1.200845 1.200845 1.200845 1.200845 1.200845
1.206775 1.206775 1.206775 1.206775 1.206775 1.206775 1.206775 1.206775 1.206775 1.206775 1.206775 1.206775 1.206775 1.206775 1.206775
1.209056 1.209056 1.209056 1.209056 1.209056 1.209056 1.209056 1.209056 1.209056 1.209056 1.209056 1.209056 1.209056 1.209056 1.209056
1.208932 1.208932 1.208932 1.208932 1.208932 1.208932 1.208932 1.208932 1.208932 1.208932 1.208932 1.208932 1.208932 1.208932 1.208932
1.203242 1.203242 1.203242 1.203242 1.203242 1.203242 1.203242 1.203242 1.203242 1.203242 1.203242 1.203242 1.203242 1.203242 1.203242
1.203325 1.203325 1.203325 1.203325 1.203325 1.203325 1.203325 1.203325 1.203325 1.203325 1.203325 1.203325 1.203325 1.203325 1.203325
1.205086 1.205086 1.205086 1.205086 1.205086 1.205086 1.205086 1.205086 1.205086 1.205086 1.205086 1.205086 1.205086 1.205086 1.205086
8.214313 8.214313 8.214313 8.214313 8.214313 8.214313 8.214313 8.214313 8.214313 8.214313 8.214313 8.214313 8.214313 8.214313 8.214313
1.196169 1.196169 1.196169 1.196169 1.196169 1.196169 1.196169 1.196169 1.196169 1.196169 1.196169 1.196169 1.196169 1.196169 1.196169
1.205679 1.205679 1.205679 1.205679 1.205679 1.205679 1.205679 1.205679 1.205679 1.205679 1.205679 1.205679 1.205679 1.205679 1.205679
1.201923 1.201923 1.201923 1.201923 1.201923 1.201923 1.201923 1.201923 1.201923 1.201923 1.201923 1.201923 1.201923 1.201923 1.201923
