2.163169
2.165289
2.153962
2.160287
2.172376
2.168572
2.156046
2.144115
2.167721
2.153634
2.160373
2.156135
2.147102
2.175229
2.18763
2.154379
2.162013
2.168919
2.168562
2.161676
2.164055
2.171891
2.141763
2.17074
2.179619
2.168964
2.162405
2.151032
2.158036
2.141151
2.161648
2.153907
2.169066
2.172574
2.173505
2.166757
2.140722
2.147162
2.16189
2.167813
2.156041
2.166401
2.161567
2.159854
2.174536
2.17119
2.161768
2.17138
2.143615
2.148993
2.168601
2.137177
2.177035
2.160175
2.173398
2.163804
2.153847
2.187589
2.155858
2.179464
2.159887
2.167071
2.157524
2.177972
2.156381
2.157731
2.163896
2.171477
2.168925
2.163963
2.149563
2.157616
2.167881
2.164122
2.175085
2.167509
2.161763
2.156673
2.169746
2.182848
2.145046
2.137141
2.158738
2.153263
2.166438
2.159121
2.160346
2.144593
2.176481
2.163089
2.182079
2.174749
2.173693
2.172668
2.14735
2.170416
2.147297
2.169524
2.157992
2.194381
