-4.837786257266998291e-01 -4.934091866016387939e-01
-4.967410564422607422e-01 -4.825847148895263672e-01
-4.834065139293670654e-01 -4.820359051227569580e-01
-4.964145720005035400e-01 -4.828467071056365967e-01
-2.388912588357925415e-01 -2.300235629081726074e-01
-2.390349358320236206e-01 2.303324341773986816e-01
-4.960303008556365967e-01 4.961601793766021729e-01
-4.828729033470153809e-01 4.955343306064605713e-01
-4.971530139446258545e-01 4.829598665237426758e-01
-4.932731389999389648e-01 4.839515388011932373e-01
-4.840347766876220703e-01 -4.892419874668121338e-01
-4.889611303806304932e-01 -4.832176864147186279e-01
-4.864803552627563477e-01 -4.836912453174591064e-01
-2.351434230804443359e-01 -2.346535176038742065e-01
-2.350618094205856323e-01 -2.345746308565139771e-01
-2.362458705902099609e-01 2.342808395624160767e-01
-2.361055314540863037e-01 2.339561879634857178e-01
-4.842854142189025879e-01 4.834258258342742920e-01
-4.860819280147552490e-01 4.840980768203735352e-01
-4.884434044361114502e-01 4.806650876998901367e-01
-4.796681404113769531e-01 -4.843427240848541260e-01
-4.800015389919281006e-01 -4.995689094066619873e-01
-2.346674203872680664e-01 -2.345417141914367676e-01
-2.354712635278701782e-01 -2.344360649585723877e-01
-2.355214357376098633e-01 -2.340191602706909180e-01
-2.360339015722274780e-01 2.332918345928192139e-01
-2.362073063850402832e-01 2.334331721067428589e-01
-2.364500313997268677e-01 2.338269352912902832e-01
-4.817495048046112061e-01 4.865908622741699219e-01
-4.815664589405059814e-01 4.843901991844177246e-01
-4.958228170871734619e-01 -4.971043467521667480e-01
-2.344318330287933350e-01 -2.344973981380462646e-01
-2.355324178934097290e-01 -2.344859987497329712e-01
-2.353694140911102295e-01 -2.343373149633407593e-01
-2.351213097572326660e-01 -2.347662150859832764e-01
-2.365345060825347900e-01 2.338191121816635132e-01
-2.359311282634735107e-01 2.328198105096817017e-01
-2.359583526849746704e-01 2.329609245061874390e-01
-2.360539138317108154e-01 2.331834435462951660e-01
-4.944380223751068115e-01 4.975872933864593506e-01
2.328075766563415527e-01 -2.395449876785278320e-01
-2.345814555883407593e-01 -2.346757948398590088e-01
-2.353946715593338013e-01 -2.343866229057312012e-01
-2.348815947771072388e-01 -2.346684932708740234e-01
-2.351707518100738525e-01 -2.348462343215942383e-01
-2.361063659191131592e-01 2.339908629655838013e-01
-2.365049272775650024e-01 2.335935086011886597e-01
-2.364667654037475586e-01 2.334986925125122070e-01
-2.372077703475952148e-01 2.336665242910385132e-01
-2.313008457422256470e-01 2.391290366649627686e-01
-2.288155555725097656e-01 -2.395006567239761353e-01
2.349567115306854248e-01 -2.380568683147430420e-01
2.345323115587234497e-01 -2.378893345594406128e-01
2.346849590539932251e-01 -2.382095307111740112e-01
2.338982820510864258e-01 -2.378359586000442505e-01
2.338871806859970093e-01 2.369179427623748779e-01
2.336127161979675293e-01 2.363816946744918823e-01
2.333882898092269897e-01 2.360157817602157593e-01
2.340724319219589233e-01 2.367855906486511230e-01
2.322518974542617798e-01 2.389647066593170166e-01
4.993183314800262451e-01 -4.983047246932983398e-01
2.348399758338928223e-01 -2.381239235401153564e-01
2.343682497739791870e-01 -2.378637343645095825e-01
2.346089035272598267e-01 -2.381734102964401245e-01
2.345614135265350342e-01 -2.380692362785339355e-01
2.335267812013626099e-01 2.362396568059921265e-01
2.339420467615127563e-01 2.367086708545684814e-01
2.336203604936599731e-01 2.360981851816177368e-01
2.341100573539733887e-01 2.367278188467025757e-01
4.984025955200195312e-01 4.982055425643920898e-01
4.818123281002044678e-01 -4.843035936355590820e-01
4.814208745956420898e-01 -4.908315241336822510e-01
2.338864952325820923e-01 -2.375926822423934937e-01
2.350693196058273315e-01 -2.384470403194427490e-01
2.344226092100143433e-01 -2.379154413938522339e-01
2.337963283061981201e-01 2.364861220121383667e-01
2.338329553604125977e-01 2.363569736480712891e-01
2.333921939134597778e-01 2.361478805541992188e-01
4.804929196834564209e-01 4.892019331455230713e-01
4.803047180175781250e-01 4.844612181186676025e-01
4.884163141250610352e-01 -4.887674450874328613e-01
4.855996966361999512e-01 -4.808990955352783203e-01
4.839518666267395020e-01 -4.939796924591064453e-01
2.339164614677429199e-01 -2.376868128776550293e-01
2.341972291469573975e-01 -2.384776920080184937e-01
2.338266074657440186e-01 2.368091791868209839e-01
2.334783822298049927e-01 2.363256216049194336e-01
4.804021418094635010e-01 4.829606413841247559e-01
4.848532378673553467e-01 4.879930913448333740e-01
4.857794940471649170e-01 4.894217252731323242e-01
4.924406409263610840e-01 -4.924541115760803223e-01
4.890070855617523193e-01 -4.857557713985443115e-01
4.840512275695800781e-01 -4.995540380477905273e-01
4.979954957962036133e-01 -4.979753196239471436e-01
2.389306575059890747e-01 2.306679487228393555e-01
2.390137165784835815e-01 -2.342632561922073364e-01
4.975530505180358887e-01 4.956034123897552490e-01
4.844438731670379639e-01 4.861769378185272217e-01
4.896247088909149170e-01 4.842840135097503662e-01
4.931422173976898193e-01 4.935202598571777344e-01
