-4.840037524700164795e-01 -4.839794933795928955e-01
-4.837921559810638428e-01 -4.818751215934753418e-01
-4.806076884269714355e-01 -4.936158359050750732e-01
-4.820041060447692871e-01 -4.747428297996520996e-01
-4.812515377998352051e-01 -4.917231500148773193e-01
-4.813474714756011963e-01 4.881107211112976074e-01
-4.819833934307098389e-01 4.861831963062286377e-01
-4.805836081504821777e-01 4.982213973999023438e-01
-4.836736619472503662e-01 4.798051118850708008e-01
-4.839536547660827637e-01 4.839232265949249268e-01
-4.798584580421447754e-01 -4.837151467800140381e-01
-4.952197074890136719e-01 -4.919668734073638916e-01
-4.730665385723114014e-01 -4.888178706169128418e-01
-4.766221940517425537e-01 -4.860911369323730469e-01
-4.869465529918670654e-01 -4.962200820446014404e-01
-4.827023148536682129e-01 4.871888756752014160e-01
-4.786116182804107666e-01 4.850975871086120605e-01
-4.740180969238281250e-01 4.902317523956298828e-01
-4.972785711288452148e-01 4.954101741313934326e-01
-4.814438223838806152e-01 4.836992919445037842e-01
-4.980898797512054443e-01 -4.988797008991241455e-01
-4.792360365390777588e-01 -4.967366158962249756e-01
-4.880184829235076904e-01 -4.867548346519470215e-01
-4.948192238807678223e-01 -4.816125929355621338e-01
-4.998647570610046387e-01 -4.886233210563659668e-01
-4.804229438304901123e-01 4.894360005855560303e-01
-4.812640547752380371e-01 4.736406505107879639e-01
-4.894277155399322510e-01 4.893894791603088379e-01
-4.901862740516662598e-01 4.730544090270996094e-01
-4.733014702796936035e-01 4.805763065814971924e-01
-4.848977327346801758e-01 -4.817571043968200684e-01
-4.885487258434295654e-01 -4.737210869789123535e-01
-4.836559593677520752e-01 -4.930040836334228516e-01
-4.751684367656707764e-01 -4.857160151004791260e-01
-4.981503486633300781e-01 -4.855071902275085449e-01
-4.905548095703125000e-01 4.811907410621643066e-01
-4.844439923763275146e-01 4.831888675689697266e-01
-4.736169874668121338e-01 4.812466800212860107e-01
-4.848975539207458496e-01 4.766205549240112305e-01
-4.861911237239837646e-01 4.819588363170623779e-01
-4.861176013946533203e-01 -4.811978638172149658e-01
-4.898553788661956787e-01 -4.942511022090911865e-01
-4.906402230262756348e-01 -4.975640475749969482e-01
-4.840142428874969482e-01 -4.926531910896301270e-01
-4.744774401187896729e-01 -4.962202906608581543e-01
-4.903972744941711426e-01 4.904985129833221436e-01
-4.810650348663330078e-01 4.886513054370880127e-01
-4.906314909458160400e-01 4.734179079532623291e-01
-4.919274449348449707e-01 4.869869351387023926e-01
-4.880082011222839355e-01 4.813357889652252197e-01
4.861563146114349365e-01 -4.811852872371673584e-01
4.957501292228698730e-01 -4.838424324989318848e-01
4.881859123706817627e-01 -4.954434931278228760e-01
4.856933355331420898e-01 -4.887761771678924561e-01
4.963997304439544678e-01 -4.931528866291046143e-01
4.756649434566497803e-01 4.930202364921569824e-01
4.839117527008056641e-01 4.906187951564788818e-01
4.911896288394927979e-01 4.804546833038330078e-01
4.907312989234924316e-01 4.826937317848205566e-01
4.918474555015563965e-01 4.908425509929656982e-01
4.849191009998321533e-01 -4.817334115505218506e-01
4.887906312942504883e-01 -4.750792086124420166e-01
4.835621714591979980e-01 -4.913625121116638184e-01
4.752011299133300781e-01 -4.831196069717407227e-01
4.981816112995147705e-01 -4.824176132678985596e-01
4.926061630249023438e-01 4.825522899627685547e-01
4.858654737472534180e-01 4.845049679279327393e-01
4.816475808620452881e-01 4.948373734951019287e-01
4.863429367542266846e-01 4.785923659801483154e-01
4.747329652309417725e-01 4.819527268409729004e-01
4.955149292945861816e-01 -4.806281924247741699e-01
4.916167557239532471e-01 -4.990247488021850586e-01
4.856124520301818848e-01 -4.855669736862182617e-01
4.930378794670104980e-01 -4.825734496116638184e-01
4.999406039714813232e-01 -4.868271946907043457e-01
4.974896311759948730e-01 4.865937829017639160e-01
4.913201332092285156e-01 4.824618399143218994e-01
4.867945909500122070e-01 4.879503846168518066e-01
4.889367818832397461e-01 4.739900529384613037e-01
4.936583638191223145e-01 4.805841445922851562e-01
4.818948805332183838e-01 -4.837429821491241455e-01
4.920420348644256592e-01 -4.935277700424194336e-01
4.969507157802581787e-01 -4.914488792419433594e-01
4.737235903739929199e-01 -4.871385395526885986e-01
4.942296147346496582e-01 -4.879153668880462646e-01
4.839888215065002441e-01 4.887012839317321777e-01
4.750480353832244873e-01 4.873522818088531494e-01
4.988332092761993408e-01 4.793490469455718994e-01
4.935686588287353516e-01 4.971638023853302002e-01
4.784816205501556396e-01 4.836375117301940918e-01
4.839971363544464111e-01 -4.839554727077484131e-01
4.836966097354888916e-01 -4.784895777702331543e-01
4.988410770893096924e-01 -4.749045968055725098e-01
4.820416569709777832e-01 -4.874561131000518799e-01
4.814191758632659912e-01 -4.898626208305358887e-01
4.911166429519653320e-01 4.900763630867004395e-01
4.820379018783569336e-01 4.874374270439147949e-01
4.806672334671020508e-01 4.749462902545928955e-01
4.837665855884552002e-01 4.814532399177551270e-01
4.839927554130554199e-01 4.839404523372650146e-01
