-4.973136782646179199e-01 -4.976677894592285156e-01
-4.992351830005645752e-01 -4.335826635360717773e-01
-4.978397786617279053e-01 -3.733138442039489746e-01
-4.997476339340209961e-01 -3.084934055805206299e-01
-4.990912973880767822e-01 -1.641146540641784668e-01
-4.953481256961822510e-01 1.583117097616195679e-01
-4.967954754829406738e-01 2.974360585212707520e-01
-4.982934594154357910e-01 3.627636134624481201e-01
-4.988122582435607910e-01 4.235692024230957031e-01
-4.989916086196899414e-01 4.986449778079986572e-01
-4.264771640300750732e-01 -4.992257952690124512e-01
-4.530544877052307129e-01 -4.562451243400573730e-01
-4.415621757507324219e-01 -4.001291394233703613e-01
-4.446383714675903320e-01 -3.402398228645324707e-01
-4.960154592990875244e-01 -8.683860301971435547e-02
-4.940310716629028320e-01 8.137056976556777954e-02
-4.431661665439605713e-01 3.348565995693206787e-01
-4.439374506473541260e-01 3.968681693077087402e-01
-4.609368443489074707e-01 4.558558464050292969e-01
-4.326587617397308350e-01 4.987289309501647949e-01
-3.639665246009826660e-01 -4.982029497623443604e-01
-3.940995633602142334e-01 -4.435198307037353516e-01
-3.797281980514526367e-01 -3.814981877803802490e-01
-4.445132613182067871e-01 -2.728822827339172363e-01
-4.965562820434570312e-01 -2.381253242492675781e-01
-4.964614808559417725e-01 2.274029105901718140e-01
-3.916884064674377441e-01 3.006817698478698730e-01
-3.826413750648498535e-01 3.813216090202331543e-01
-4.025813043117523193e-01 4.438224732875823975e-01
-3.719955086708068848e-01 4.998651146888732910e-01
-2.957358658313751221e-01 -4.967413842678070068e-01
-3.319747447967529297e-01 -4.453915357589721680e-01
-3.036516010761260986e-01 -3.914781212806701660e-01
-3.902183473110198975e-01 -3.080433905124664307e-01
-4.400087893009185791e-01 -2.013037949800491333e-01
-4.417923092842102051e-01 2.591339349746704102e-01
-3.091141581535339355e-01 3.901597261428833008e-01
-2.721616029739379883e-01 4.426508545875549316e-01
-3.424214124679565430e-01 4.437166154384613037e-01
-3.073367476463317871e-01 4.965835213661193848e-01
-2.250671684741973877e-01 -4.957954585552215576e-01
-7.734457403421401978e-02 -4.974747598171234131e-01
-2.572236657142639160e-01 -4.401780664920806885e-01
-1.553264856338500977e-01 -4.922768175601959229e-01
-3.303709030151367188e-01 -3.328044712543487549e-01
-3.357266485691070557e-01 3.315980732440948486e-01
-2.020533680915832520e-01 4.398185014724731445e-01
-2.375793606042861938e-01 4.973220527172088623e-01
-8.458792418241500854e-02 4.922026395797729492e-01
-1.614610105752944946e-01 4.957653284072875977e-01
2.449274957180023193e-01 -4.999217092990875244e-01
9.479010105133056641e-02 -4.967413544654846191e-01
1.707362532615661621e-01 -4.944214224815368652e-01
2.114995121955871582e-01 -4.397706389427185059e-01
3.849001228809356689e-01 -2.598843276500701904e-01
3.244693875312805176e-01 3.219303786754608154e-01
2.133000493049621582e-01 4.400979876518249512e-01
1.762043386697769165e-01 4.976047575473785400e-01
1.007512807846069336e-01 4.974108040332794189e-01
2.499399334192276001e-01 4.975018501281738281e-01
3.114583790302276611e-01 -4.970946907997131348e-01
2.796630263328552246e-01 -4.386395215988159180e-01
3.211393058300018311e-01 -3.795219361782073975e-01
3.796752989292144775e-01 -3.300803005695343018e-01
4.435823261737823486e-01 -2.168225049972534180e-01
4.410149157047271729e-01 2.115163058042526245e-01
3.900203108787536621e-01 3.214213252067565918e-01
3.247676789760589600e-01 3.873986005783081055e-01
2.832822501659393311e-01 4.400101900100708008e-01
3.168338537216186523e-01 4.966262876987457275e-01
3.754365742206573486e-01 -4.994316399097442627e-01
3.453308343887329102e-01 -4.432979524135589600e-01
3.887788653373718262e-01 -3.946172595024108887e-01
4.424798786640167236e-01 -2.913652360439300537e-01
4.973800480365753174e-01 -2.545841932296752930e-01
4.984832704067230225e-01 2.474087178707122803e-01
4.428812265396118164e-01 2.819897532463073730e-01
3.922163546085357666e-01 3.893561661243438721e-01
3.514694571495056152e-01 4.440526664257049561e-01
3.807076513767242432e-01 4.987069964408874512e-01
4.418332278728485107e-01 -4.987307190895080566e-01
4.071141779422760010e-01 -4.535256326198577881e-01
4.489961862564086914e-01 -4.194392859935760498e-01
4.416550397872924805e-01 -3.568784594535827637e-01
4.997284114360809326e-01 -9.955996274948120117e-02
4.922697842121124268e-01 9.798957407474517822e-02
4.464178085327148438e-01 3.508052229881286621e-01
4.520331919193267822e-01 4.141444265842437744e-01
4.122913777828216553e-01 4.502761662006378174e-01
4.438306093215942383e-01 4.975657165050506592e-01
4.984671771526336670e-01 -4.998354315757751465e-01
4.978868961334228516e-01 -4.452515840530395508e-01
4.976462125778198242e-01 -3.842276632785797119e-01
4.968602955341339111e-01 -3.221108615398406982e-01
4.965129196643829346e-01 -1.759176701307296753e-01
4.991421401500701904e-01 1.736778318881988525e-01
4.998171925544738770e-01 3.157152235507965088e-01
4.994074404239654541e-01 3.805713355541229248e-01
4.999773502349853516e-01 4.438047409057617188e-01
4.992765486240386963e-01 4.990489482879638672e-01
