-4.990586340427398682e-01 -4.994507133960723877e-01
-4.981287717819213867e-01 -4.798116981983184814e-01
-4.982260763645172119e-01 -4.593704640865325928e-01
-4.941251873970031738e-01 -4.175821244716644287e-01
-4.946340918540954590e-01 -3.955957293510437012e-01
-4.956981539726257324e-01 4.112656712532043457e-01
-4.955147504806518555e-01 4.331699013710021973e-01
-4.818445444107055664e-01 4.661136269569396973e-01
-4.980399906635284424e-01 4.792054891586303711e-01
-4.950482249259948730e-01 4.995442330837249756e-01
-4.795947968959808350e-01 -4.981532990932464600e-01
-4.792755544185638428e-01 -4.792078435420989990e-01
-4.772873520851135254e-01 -4.598523974418640137e-01
-4.980243742465972900e-01 -4.383758008480072021e-01
-4.914971888065338135e-01 -3.719891607761383057e-01
-4.952876865863800049e-01 3.655156493186950684e-01
-4.981652796268463135e-01 4.549468159675598145e-01
-4.609076976776123047e-01 4.599113464355468750e-01
-4.686977565288543701e-01 4.802495241165161133e-01
-4.768025577068328857e-01 4.975568354129791260e-01
-4.595878124237060547e-01 -4.971182644367218018e-01
-4.597990214824676514e-01 -4.768236875534057617e-01
-4.557865560054779053e-01 -4.557201564311981201e-01
-4.772436618804931641e-01 -4.399656653404235840e-01
-4.707031846046447754e-01 -3.965902328491210938e-01
-4.940410256385803223e-01 3.891409635543823242e-01
-4.742612242698669434e-01 4.224395751953125000e-01
-4.398378133773803711e-01 4.558541774749755859e-01
-4.476383924484252930e-01 4.792497456073760986e-01
-4.570123255252838135e-01 4.980563819408416748e-01
-4.187143743038177490e-01 -4.984949827194213867e-01
-4.392428994178771973e-01 -4.963488876819610596e-01
-4.398718774318695068e-01 -4.746066331863403320e-01
-4.311363697052001953e-01 -4.529176056385040283e-01
-4.715526700019836426e-01 -4.196064770221710205e-01
-4.721809029579162598e-01 3.992866873741149902e-01
-4.773353934288024902e-01 4.448977708816528320e-01
-4.269931018352508545e-01 4.760101437568664551e-01
-4.361928403377532959e-01 4.992103576660156250e-01
-4.155668020248413086e-01 4.944651424884796143e-01
-3.964886963367462158e-01 -4.996336698532104492e-01
-3.733285069465637207e-01 -4.929260611534118652e-01
-3.952124714851379395e-01 -4.753270447254180908e-01
-4.187012612819671631e-01 -4.771772623062133789e-01
-4.530878365039825439e-01 -4.335171878337860107e-01
-4.543370306491851807e-01 4.360422194004058838e-01
-4.162150025367736816e-01 4.538077712059020996e-01
-4.025925695896148682e-01 4.746471047401428223e-01
-3.727287352085113525e-01 4.906024336814880371e-01
-3.941707909107208252e-01 4.971581995487213135e-01
3.898326754570007324e-01 -4.941093623638153076e-01
3.658659458160400391e-01 -4.948076307773590088e-01
4.007756114006042480e-01 -4.728144407272338867e-01
4.236142933368682861e-01 -4.757418036460876465e-01
4.358541369438171387e-01 -4.545843303203582764e-01
4.382545948028564453e-01 4.403380751609802246e-01
4.202713966369628906e-01 4.578786194324493408e-01
4.072147607803344727e-01 4.782648980617523193e-01
3.740126192569732666e-01 4.980951845645904541e-01
3.974118828773498535e-01 4.987183809280395508e-01
4.126297235488891602e-01 -4.966394603252410889e-01
4.346569478511810303e-01 -4.963983297348022461e-01
4.454877972602844238e-01 -4.775853455066680908e-01
4.542019069194793701e-01 -4.381287992000579834e-01
4.558869898319244385e-01 -4.141230583190917969e-01
4.564824700355529785e-01 4.260739386081695557e-01
4.604644179344177246e-01 4.510074853897094727e-01
4.431540071964263916e-01 4.631594717502593994e-01
4.301711618900299072e-01 4.798229634761810303e-01
4.196603000164031982e-01 4.994556009769439697e-01
4.562908411026000977e-01 -4.985564947128295898e-01
4.661096632480621338e-01 -4.815971553325653076e-01
4.595850110054016113e-01 -4.604331552982330322e-01
4.756630063056945801e-01 -4.277414381504058838e-01
4.766156375408172607e-01 -4.014303982257843018e-01
4.741928577423095703e-01 4.093171954154968262e-01
4.770608246326446533e-01 4.344607591629028320e-01
4.573380649089813232e-01 4.790824651718139648e-01
4.412057697772979736e-01 4.970234930515289307e-01
4.608693122863769531e-01 4.997963309288024902e-01
4.798212945461273193e-01 -4.968012571334838867e-01
4.813467562198638916e-01 -4.701401889324188232e-01
4.782753884792327881e-01 -4.491825997829437256e-01
4.972498118877410889e-01 -4.380605518817901611e-01
4.893547892570495605e-01 -3.734236955642700195e-01
4.923024475574493408e-01 3.731721639633178711e-01
4.974053502082824707e-01 4.398709535598754883e-01
4.801321923732757568e-01 4.571886360645294189e-01
4.782670140266418457e-01 4.776059091091156006e-01
4.798125624656677246e-01 4.977455437183380127e-01
4.996952414512634277e-01 -4.994273483753204346e-01
4.982761740684509277e-01 -4.802836179733276367e-01
4.984110891819000244e-01 -4.589663445949554443e-01
4.945639073848724365e-01 -4.167564213275909424e-01
4.992232918739318848e-01 -3.948652744293212891e-01
4.950398802757263184e-01 3.962750136852264404e-01
4.952539205551147461e-01 4.184937775135040283e-01
5.000454187393188477e-01 4.600310325622558594e-01
4.989850819110870361e-01 4.795108139514923096e-01
4.984566867351531982e-01 4.983655810356140137e-01
