-4.849104285240173340e-01 -4.847194850444793701e-01
-4.871599078178405762e-01 -4.834788441658020020e-01
-4.840514063835144043e-01 -4.857787191867828369e-01
-4.836007952690124512e-01 -1.327717155218124390e-01
-4.835853874683380127e-01 -1.327728033065795898e-01
-4.836235046386718750e-01 1.315986514091491699e-01
-4.835985898971557617e-01 1.315580159425735474e-01
-4.840810000896453857e-01 4.858144819736480713e-01
-4.868752360343933105e-01 4.850533008575439453e-01
-4.848966598510742188e-01 4.847531914710998535e-01
-4.835028946399688721e-01 -4.869978427886962891e-01
-3.536151051521301270e-01 -3.529818356037139893e-01
-3.536413908004760742e-01 -3.530621528625488281e-01
-3.537585437297821045e-01 -3.530663847923278809e-01
-4.811886847019195557e-01 -1.331975907087326050e-01
-4.811177253723144531e-01 1.321854591369628906e-01
-3.544253408908843994e-01 3.557078540325164795e-01
-3.543854653835296631e-01 3.557717502117156982e-01
-3.544921576976776123e-01 3.557562828063964844e-01
-4.871542751789093018e-01 4.874403774738311768e-01
-4.895357191562652588e-01 -4.840479195117950439e-01
-3.535302281379699707e-01 -3.530189990997314453e-01
-3.535984456539154053e-01 -3.530248999595642090e-01
-3.115654587745666504e-01 -1.058579683303833008e-01
-3.118095099925994873e-01 -1.059722229838371277e-01
-3.113950788974761963e-01 1.098313853144645691e-01
-3.112973272800445557e-01 1.096522584557533264e-01
-3.545012176036834717e-01 3.557105958461761475e-01
-3.543990552425384521e-01 3.557599782943725586e-01
-4.992097020149230957e-01 4.844925105571746826e-01
-1.335741877555847168e-01 -4.836330115795135498e-01
-3.535482287406921387e-01 -3.529874086380004883e-01
-1.065911874175071716e-01 -3.114423155784606934e-01
-1.485557407140731812e-01 -1.480238735675811768e-01
-1.486137211322784424e-01 -1.480793803930282593e-01
-1.490236818790435791e-01 1.524197459220886230e-01
-1.490859538316726685e-01 1.523505300283432007e-01
-1.100490391254425049e-01 3.165498971939086914e-01
-3.545081317424774170e-01 3.558342754840850830e-01
-1.392296254634857178e-01 4.837631583213806152e-01
-1.335750669240951538e-01 -4.835670888423919678e-01
-1.339211612939834595e-01 -4.812429845333099365e-01
-1.065174862742424011e-01 -3.114262819290161133e-01
-1.484493762254714966e-01 -1.482286304235458374e-01
-1.484866738319396973e-01 -1.481012105941772461e-01
-1.488826721906661987e-01 1.524325758218765259e-01
-1.489147990942001343e-01 1.522699594497680664e-01
-1.101223528385162354e-01 3.166045248508453369e-01
-1.386872082948684692e-01 4.984337985515594482e-01
-1.392283737659454346e-01 4.837438762187957764e-01
1.337914764881134033e-01 -4.835766553878784180e-01
1.342717856168746948e-01 -4.811830222606658936e-01
1.101213693618774414e-01 -3.113581538200378418e-01
1.514447480440139771e-01 -1.492765992879867554e-01
1.515209078788757324e-01 -1.489899009466171265e-01
1.498678326606750488e-01 1.527484357357025146e-01
1.498984843492507935e-01 1.527287811040878296e-01
1.106911897659301758e-01 3.157138526439666748e-01
1.333305537700653076e-01 4.984550774097442627e-01
1.347630918025970459e-01 4.837367236614227295e-01
1.337894797325134277e-01 -4.836319684982299805e-01
3.570406138896942139e-01 -3.556192517280578613e-01
1.103024482727050781e-01 -3.113260567188262939e-01
1.514732390642166138e-01 -1.490482687950134277e-01
1.514914780855178833e-01 -1.490159332752227783e-01
1.498416215181350708e-01 1.527829170227050781e-01
1.498696953058242798e-01 1.527643799781799316e-01
1.108045056462287903e-01 3.158383965492248535e-01
3.546035289764404297e-01 3.574654459953308105e-01
1.347674727439880371e-01 4.837763011455535889e-01
4.986554384231567383e-01 -4.848867654800415039e-01
3.569903373718261719e-01 -3.555178940296173096e-01
3.570733070373535156e-01 -3.556994497776031494e-01
3.135417401790618896e-01 -1.083524599671363831e-01
3.136667609214782715e-01 -1.083270162343978882e-01
3.135861456394195557e-01 1.110567674040794373e-01
3.135706782341003418e-01 1.110803633928298950e-01
3.545965254306793213e-01 3.574719727039337158e-01
3.545589148998260498e-01 3.574218750000000000e-01
4.888346195220947266e-01 4.845740497112274170e-01
4.896368086338043213e-01 -4.878661036491394043e-01
3.571113348007202148e-01 -3.556443452835083008e-01
3.570958375930786133e-01 -3.556058704853057861e-01
3.570018708705902100e-01 -3.557099997997283936e-01
4.889742434024810791e-01 -1.336113810539245605e-01
4.890208244323730469e-01 1.367784887552261353e-01
3.545553088188171387e-01 3.574666380882263184e-01
3.545099198818206787e-01 3.574950098991394043e-01
3.545328378677368164e-01 3.574362695217132568e-01
4.873080849647521973e-01 4.878951609134674072e-01
4.852354824542999268e-01 -4.853505194187164307e-01
4.877604246139526367e-01 -4.897538125514984131e-01
4.836916029453277588e-01 -4.954684078693389893e-01
4.836189150810241699e-01 -1.343687772750854492e-01
4.836262464523315430e-01 -1.343692243099212646e-01
4.835758507251739502e-01 1.373662352561950684e-01
4.836027324199676514e-01 1.373572647571563721e-01
4.837150871753692627e-01 4.955369830131530762e-01
4.876998364925384521e-01 4.922393858432769775e-01
4.850828349590301514e-01 4.854080379009246826e-01
