-4.876369833946228027e-01 -4.872928261756896973e-01
-4.980522692203521729e-01 -4.929688870906829834e-01
-4.914933741092681885e-01 -2.364585846662521362e-01
-4.907938241958618164e-01 -2.393806576728820801e-01
-4.905910491943359375e-01 -2.375830709934234619e-01
-4.908611178398132324e-01 2.352580875158309937e-01
-4.908094704151153564e-01 2.310793101787567139e-01
-4.915626943111419678e-01 2.324930280447006226e-01
-4.977807700634002686e-01 4.910935461521148682e-01
-4.905620515346527100e-01 4.882481694221496582e-01
-4.870616793632507324e-01 -4.970377683639526367e-01
-3.265073001384735107e-01 -3.268531560897827148e-01
-3.241977095603942871e-01 -3.247625231742858887e-01
-3.259313106536865234e-01 -3.240118026733398438e-01
-3.239680826663970947e-01 -3.252675831317901611e-01
-3.257141709327697754e-01 3.267067670822143555e-01
-3.251181542873382568e-01 3.243016302585601807e-01
-3.279642164707183838e-01 3.285543918609619141e-01
-3.246269524097442627e-01 3.235340416431427002e-01
-4.941933453083038330e-01 4.898813068866729736e-01
-2.340893894433975220e-01 -4.912187457084655762e-01
-3.262571394443511963e-01 -3.243018388748168945e-01
-3.258330523967742920e-01 -3.250328004360198975e-01
-3.245741426944732666e-01 -3.248042464256286621e-01
-4.883364439010620117e-01 -2.348606884479522705e-01
-4.849451482295989990e-01 2.318623214960098267e-01
-3.263234198093414307e-01 3.246548771858215332e-01
-3.255420923233032227e-01 3.244278430938720703e-01
-3.258120119571685791e-01 3.248796463012695312e-01
-2.383307814598083496e-01 4.913008213043212891e-01
-2.328888624906539917e-01 -4.906027317047119141e-01
-3.262817859649658203e-01 -3.260610699653625488e-01
-3.257206082344055176e-01 -3.244596421718597412e-01
-3.227569758892059326e-01 -3.221222758293151855e-01
-3.249709904193878174e-01 -3.252991139888763428e-01
-3.285302519798278809e-01 3.248651027679443359e-01
-3.253982663154602051e-01 3.250880241394042969e-01
-3.275321125984191895e-01 3.248874545097351074e-01
-3.261866867542266846e-01 3.235539793968200684e-01
-2.400454133749008179e-01 4.905634224414825439e-01
-2.316461205482482910e-01 -4.907165467739105225e-01
-3.254857063293457031e-01 -3.254665136337280273e-01
-2.293700575828552246e-01 -4.885784685611724854e-01
-3.263114690780639648e-01 -3.242120742797851562e-01
-3.256529569625854492e-01 -3.244980573654174805e-01
-3.249279558658599854e-01 3.243201971054077148e-01
-3.275229334831237793e-01 3.248466849327087402e-01
-2.426200658082962036e-01 4.903617799282073975e-01
-3.265215456485748291e-01 3.259026408195495605e-01
-2.362024784088134766e-01 4.906717836856842041e-01
2.383534759283065796e-01 -4.911801517009735107e-01
3.277913630008697510e-01 -3.252443969249725342e-01
2.364647239446640015e-01 -4.729615747928619385e-01
3.266314864158630371e-01 -3.242486119270324707e-01
3.268612921237945557e-01 -3.222287595272064209e-01
3.253177702426910400e-01 3.259230852127075195e-01
3.238413333892822266e-01 3.258094191551208496e-01
2.325007021427154541e-01 4.917631149291992188e-01
3.246779739856719971e-01 3.268015086650848389e-01
2.345490902662277222e-01 4.912013411521911621e-01
2.385210096836090088e-01 -4.909058809280395508e-01
3.266598284244537354e-01 -3.227795660495758057e-01
3.272342979907989502e-01 -3.248636722564697266e-01
3.275896012783050537e-01 -3.253395855426788330e-01
3.273686468601226807e-01 -3.247767984867095947e-01
3.253034353256225586e-01 3.279502391815185547e-01
3.251711130142211914e-01 3.262739777565002441e-01
3.248888552188873291e-01 3.258174955844879150e-01
3.254944980144500732e-01 3.273833096027374268e-01
2.363679260015487671e-01 4.909451305866241455e-01
2.372493296861648560e-01 -4.917238652706146240e-01
3.266133666038513184e-01 -3.236399888992309570e-01
3.270018696784973145e-01 -3.244468569755554199e-01
3.276432156562805176e-01 -3.232227265834808350e-01
4.857943654060363770e-01 -2.303288429975509644e-01
4.780755043029785156e-01 2.369878590106964111e-01
3.242112100124359131e-01 3.249253034591674805e-01
3.239526152610778809e-01 3.253760635852813721e-01
3.242306709289550781e-01 3.258294761180877686e-01
2.324090749025344849e-01 4.917358756065368652e-01
4.942122101783752441e-01 -4.900350570678710938e-01
3.253308534622192383e-01 -3.232052922248840332e-01
3.264839053153991699e-01 -3.241333961486816406e-01
3.275049030780792236e-01 -3.221805393695831299e-01
3.258326053619384766e-01 -3.226688504219055176e-01
3.244287371635437012e-01 3.258694708347320557e-01
3.245976567268371582e-01 3.260667324066162109e-01
3.238239586353302002e-01 3.262113034725189209e-01
3.254260420799255371e-01 3.268958628177642822e-01
4.871249794960021973e-01 4.971173703670501709e-01
4.905578792095184326e-01 -4.883876442909240723e-01
4.977729320526123047e-01 -4.912986755371093750e-01
4.917072951793670654e-01 -2.309322506189346313e-01
4.908885061740875244e-01 -2.305935770273208618e-01
4.908612072467803955e-01 -2.300591766834259033e-01
4.913839101791381836e-01 2.375971227884292603e-01
4.913991987705230713e-01 2.351267933845520020e-01
4.921740293502807617e-01 2.370747774839401245e-01
4.981762766838073730e-01 4.930588603019714355e-01
4.877852201461791992e-01 4.873936176300048828e-01
