-4.971956312656402588e-01 -4.989886283874511719e-01
-4.963214397430419922e-01 -4.474855959415435791e-01
-4.975137710571289062e-01 -3.876931965351104736e-01
-4.957180321216583252e-01 -3.262041807174682617e-01
-4.944067001342773438e-01 -2.621701061725616455e-01
-4.953248202800750732e-01 1.847460567951202393e-01
-4.974332153797149658e-01 3.209046423435211182e-01
-4.966134130954742432e-01 3.798343837261199951e-01
-4.991729259490966797e-01 4.360298216342926025e-01
-4.983722865581512451e-01 4.971268475055694580e-01
-4.458139836788177490e-01 -4.993210434913635254e-01
-4.529395401477813721e-01 -4.178023338317871094e-01
-4.474554955959320068e-01 -3.597834110260009766e-01
-4.413174390792846680e-01 -2.955011725425720215e-01
-4.998014867305755615e-01 -1.223685145378112793e-01
-4.987784326076507568e-01 1.130203157663345337e-01
-4.432874917984008789e-01 3.505933880805969238e-01
-4.457895159721374512e-01 4.072192609310150146e-01
-4.586024880409240723e-01 4.598690569400787354e-01
-4.321575164794921875e-01 4.980832338333129883e-01
-3.862313032150268555e-01 -4.973388612270355225e-01
-4.194590449333190918e-01 -4.546605646610260010e-01
-3.970300555229187012e-01 -3.982924520969390869e-01
-3.931387960910797119e-01 -3.362876176834106445e-01
-4.926616847515106201e-01 -1.937560439109802246e-01
-4.994693696498870850e-01 2.543411552906036377e-01
-4.486760795116424561e-01 2.862780988216400146e-01
-3.875510394573211670e-01 3.901835680007934570e-01
-4.028196632862091064e-01 4.478594064712524414e-01
-3.728263378143310547e-01 4.978198111057281494e-01
-3.264648020267486572e-01 -4.952506422996520996e-01
-3.596388697624206543e-01 -4.461698532104492188e-01
-2.942662537097930908e-01 -4.418932199478149414e-01
-3.331410586833953857e-01 -3.915661275386810303e-01
-4.366876482963562012e-01 -2.290515452623367310e-01
-4.412453770637512207e-01 2.217143326997756958e-01
-3.945612609386444092e-01 3.133431971073150635e-01
-3.088310956954956055e-01 3.967087268829345703e-01
-3.440017104148864746e-01 4.452367722988128662e-01
-3.098069131374359131e-01 4.959163069725036621e-01
-1.946213543415069580e-01 -4.990899860858917236e-01
-1.231173500418663025e-01 -4.928984642028808594e-01
-2.638607919216156006e-01 -4.977234899997711182e-01
-2.279435843229293823e-01 -4.426840841770172119e-01
-3.323713541030883789e-01 -3.277986347675323486e-01
-3.431619107723236084e-01 3.467535972595214844e-01
-1.752425134181976318e-01 4.933506250381469727e-01
-2.718361914157867432e-01 4.447360634803771973e-01
-1.019613668322563171e-01 4.933604896068572998e-01
-2.410303801298141479e-01 4.943023025989532471e-01
2.621459662914276123e-01 -4.941471517086029053e-01
1.225064620375633240e-01 -4.992812573909759521e-01
1.935370266437530518e-01 -4.926787018775939941e-01
2.302748709917068481e-01 -4.371574521064758301e-01
3.293263316154479980e-01 -3.301073014736175537e-01
3.811379373073577881e-01 3.269829750061035156e-01
1.852124184370040894e-01 4.961466491222381592e-01
2.779008150100708008e-01 4.372848272323608398e-01
1.130287572741508484e-01 4.922448098659515381e-01
2.500160634517669678e-01 4.939863681793212891e-01
3.260971605777740479e-01 -4.969759881496429443e-01
2.964052855968475342e-01 -4.417250156402587891e-01
3.353405892848968506e-01 -3.923827111721038818e-01
3.924453556537628174e-01 -3.335089683532714844e-01
4.972692430019378662e-01 -1.951576322317123413e-01
4.931576251983642578e-01 1.255535185337066650e-01
4.373340010643005371e-01 2.893798351287841797e-01
3.248049914836883545e-01 3.805503547191619873e-01
3.432040810585021973e-01 4.420239925384521484e-01
3.129628896713256836e-01 4.957894086837768555e-01
3.870298862457275391e-01 -4.995692670345306396e-01
3.600854277610778809e-01 -4.478623569011688232e-01
3.977413773536682129e-01 -3.970857262611389160e-01
4.412346482276916504e-01 -2.292292416095733643e-01
4.432001411914825439e-01 -2.956053912639617920e-01
4.927797913551330566e-01 2.608168125152587891e-01
4.403177797794342041e-01 2.209451496601104736e-01
3.890830576419830322e-01 3.900156021118164062e-01
4.025117158889770508e-01 4.468019008636474609e-01
3.730530738830566406e-01 4.961385130882263184e-01
4.462247192859649658e-01 -4.976098239421844482e-01
4.179313480854034424e-01 -4.540531635284423828e-01
4.531510174274444580e-01 -4.185856282711029053e-01
4.476028680801391602e-01 -3.593492209911346436e-01
4.998986124992370605e-01 -1.238095164299011230e-01
4.909620583057403564e-01 4.821889847517013550e-02
4.433633387088775635e-01 3.507605791091918945e-01
4.471338391304016113e-01 4.072127640247344971e-01
4.571209251880645752e-01 4.612358510494232178e-01
4.308632910251617432e-01 4.985964596271514893e-01
4.973097145557403564e-01 -4.988321959972381592e-01
4.965269863605499268e-01 -4.475148916244506836e-01
4.977799355983734131e-01 -3.879536092281341553e-01
4.981406629085540771e-01 -3.271999061107635498e-01
4.973265826702117920e-01 -2.637309730052947998e-01
4.995506703853607178e-01 1.944176405668258667e-01
4.966888129711151123e-01 3.223158419132232666e-01
4.988872408866882324e-01 3.817194700241088867e-01
4.978029131889343262e-01 4.388130009174346924e-01
4.973386824131011963e-01 4.999213516712188721e-01
