-4.997243285179138184e-01 -4.986565411090850830e-01
-4.981475174427032471e-01 -4.774928092956542969e-01
-4.989237189292907715e-01 -4.535346627235412598e-01
-4.990715384483337402e-01 -4.305167794227600098e-01
-4.961895942687988281e-01 -4.065734744071960449e-01
-4.959232807159423828e-01 3.948630988597869873e-01
-4.967485368251800537e-01 4.165291190147399902e-01
-4.995639324188232422e-01 4.593498110771179199e-01
-4.982673525810241699e-01 4.798409044742584229e-01
-4.979068338871002197e-01 4.994586408138275146e-01
-4.798230230808258057e-01 -4.988303184509277344e-01
-4.697323739528656006e-01 -4.805207550525665283e-01
-4.811985194683074951e-01 -4.638775289058685303e-01
-4.779967963695526123e-01 -4.421167969703674316e-01
-4.948429763317108154e-01 -3.820153176784515381e-01
-4.967475831508636475e-01 3.480566143989562988e-01
-4.973737895488739014e-01 4.384258687496185303e-01
-4.774873256683349609e-01 4.528469741344451904e-01
-4.783528149127960205e-01 4.752819538116455078e-01
-4.777750670909881592e-01 4.983832836151123047e-01
-4.581357538700103760e-01 -4.985153377056121826e-01
-4.473030865192413330e-01 -4.781630337238311768e-01
-4.594440460205078125e-01 -4.581732451915740967e-01
-4.553590714931488037e-01 -4.341588318347930908e-01
-4.727595746517181396e-01 -3.957713246345520020e-01
-4.961554408073425293e-01 3.723731935024261475e-01
-4.767325222492218018e-01 4.298124611377716064e-01
-4.544485807418823242e-01 4.556705653667449951e-01
-4.575596749782562256e-01 4.773266315460205078e-01
-4.571896195411682129e-01 4.979578554630279541e-01
-4.144362509250640869e-01 -4.973424673080444336e-01
-4.364378452301025391e-01 -4.990983009338378906e-01
-4.242041707038879395e-01 -4.767132401466369629e-01
-4.358457326889038086e-01 -4.560653269290924072e-01
-4.757778942584991455e-01 -4.194857478141784668e-01
-4.715951383113861084e-01 4.063501358032226562e-01
-4.301372766494750977e-01 4.529555141925811768e-01
-4.351534545421600342e-01 4.768978953361511230e-01
-4.361974000930786133e-01 4.996027648448944092e-01
-4.148794710636138916e-01 4.964651167392730713e-01
-3.922875523567199707e-01 -4.997945129871368408e-01
-3.440758883953094482e-01 -4.961253702640533447e-01
-3.691285252571105957e-01 -4.971248805522918701e-01
-3.989987075328826904e-01 -4.760531485080718994e-01
-4.305457174777984619e-01 -4.321231245994567871e-01
-4.530341029167175293e-01 4.316345453262329102e-01
-4.117009639739990234e-01 4.722788035869598389e-01
-3.698413372039794922e-01 4.914227426052093506e-01
-3.454159796237945557e-01 4.948805272579193115e-01
-3.927199244499206543e-01 4.946596324443817139e-01
3.919016420841217041e-01 -4.973881244659423828e-01
3.446499407291412354e-01 -4.994223415851593018e-01
3.688668608665466309e-01 -4.960205852985382080e-01
3.990320563316345215e-01 -4.742667675018310547e-01
4.360302686691284180e-01 -4.536600112915039062e-01
4.273530542850494385e-01 4.535353183746337891e-01
3.879824578762054443e-01 4.745836853981018066e-01
3.733432590961456299e-01 4.965260326862335205e-01
3.484238386154174805e-01 4.959596693515777588e-01
3.967781066894531250e-01 4.975504577159881592e-01
4.140374660491943359e-01 -4.976574778556823730e-01
4.357754588127136230e-01 -4.979734420776367188e-01
4.232894778251647949e-01 -4.754047393798828125e-01
4.600289463996887207e-01 -4.585110545158386230e-01
4.748871028423309326e-01 -3.969531357288360596e-01
4.746448397636413574e-01 4.306960701942443848e-01
4.498311877250671387e-01 4.293973445892333984e-01
4.120327830314636230e-01 4.763528108596801758e-01
4.394717216491699219e-01 4.986599087715148926e-01
4.184728860855102539e-01 4.993113577365875244e-01
4.572857618331909180e-01 -4.990671873092651367e-01
4.457203745841979980e-01 -4.773463010787963867e-01
4.820020794868469238e-01 -4.673209488391876221e-01
4.544020593166351318e-01 -4.344034790992736816e-01
4.976776242256164551e-01 -3.865326046943664551e-01
4.742631018161773682e-01 4.055272936820983887e-01
4.767576456069946289e-01 4.537460505962371826e-01
4.532582759857177734e-01 4.543715119361877441e-01
4.348881840705871582e-01 4.763773381710052490e-01
4.599156379699707031e-01 4.995627105236053467e-01
4.792537987232208252e-01 -4.984155297279357910e-01
4.672981798648834229e-01 -4.807669818401336670e-01
4.781696796417236328e-01 -4.447110593318939209e-01
4.757031798362731934e-01 -4.215113818645477295e-01
4.988342225551605225e-01 -3.624255955219268799e-01
4.954512417316436768e-01 3.694033622741699219e-01
4.970012009143829346e-01 4.380677044391632080e-01
4.779258966445922852e-01 4.755348861217498779e-01
4.567595422267913818e-01 4.778433144092559814e-01
4.797259867191314697e-01 4.976798892021179199e-01
4.992734491825103760e-01 -4.988584220409393311e-01
4.996384084224700928e-01 -4.781747162342071533e-01
4.995288848876953125e-01 -4.551600813865661621e-01
4.980888068675994873e-01 -4.327755868434906006e-01
4.970725476741790771e-01 -4.100385308265686035e-01
4.980978965759277344e-01 3.935981392860412598e-01
4.972375929355621338e-01 4.165662229061126709e-01
4.988501369953155518e-01 4.588168263435363770e-01
4.984796941280364990e-01 4.792523384094238281e-01
4.993732273578643799e-01 4.990616440773010254e-01
