-4.868487715721130371e-01 -4.868184924125671387e-01
-4.832363128662109375e-01 -4.792267680168151855e-01
-4.782792031764984131e-01 -4.958384633064270020e-01
-4.804895222187042236e-01 -4.986159205436706543e-01
-4.763111770153045654e-01 -4.719374477863311768e-01
-4.763801097869873047e-01 4.883864820003509521e-01
-4.724186956882476807e-01 4.998998641967773438e-01
-4.782635271549224854e-01 4.955725073814392090e-01
-4.832969903945922852e-01 4.815946817398071289e-01
-4.867680370807647705e-01 4.868004620075225830e-01
-4.846772253513336182e-01 -4.733957052230834961e-01
-4.730194807052612305e-01 -4.714527130126953125e-01
-4.754196703433990479e-01 -4.959995150566101074e-01
-4.781554043292999268e-01 -4.959103167057037354e-01
-4.914782941341400146e-01 -4.884974658489227295e-01
-4.870140254497528076e-01 4.914147853851318359e-01
-4.800913631916046143e-01 4.942179024219512939e-01
-4.767471551895141602e-01 4.943010509014129639e-01
-4.740343987941741943e-01 4.720359742641448975e-01
-4.948027729988098145e-01 4.860356748104095459e-01
-4.753233194351196289e-01 -4.779722094535827637e-01
-4.996961951255798340e-01 -4.733379185199737549e-01
-4.956438839435577393e-01 -4.937132298946380615e-01
-4.994677901268005371e-01 -4.923989474773406982e-01
-4.958466887474060059e-01 -4.951375722885131836e-01
-4.759760499000549316e-01 4.946331977844238281e-01
-4.777562022209167480e-01 4.799188971519470215e-01
-4.840463697910308838e-01 4.970828294754028320e-01
-4.975088834762573242e-01 4.742947816848754883e-01
-4.944825470447540283e-01 4.841759502887725830e-01
-4.966840147972106934e-01 -4.803987443447113037e-01
-4.977583885192871094e-01 -4.747791588306427002e-01
-4.944194257259368896e-01 -4.972911775112152100e-01
-4.900478422641754150e-01 -4.919900596141815186e-01
-4.890812039375305176e-01 -4.919003248214721680e-01
-4.959892332553863525e-01 4.897330105304718018e-01
-4.742376208305358887e-01 4.741725623607635498e-01
-4.905766546726226807e-01 4.714474678039550781e-01
-4.974690377712249756e-01 4.766095876693725586e-01
-4.846201837062835693e-01 4.803652763366699219e-01
-4.871940612792968750e-01 -4.763085246086120605e-01
-4.716924726963043213e-01 -4.854120314121246338e-01
-4.978332519531250000e-01 -4.939797222614288330e-01
-4.875133037567138672e-01 -4.907878041267395020e-01
-4.717320799827575684e-01 -4.832630455493927002e-01
-4.745894372463226318e-01 4.730639457702636719e-01
-4.900177717208862305e-01 4.957121014595031738e-01
-4.932912290096282959e-01 4.975054860115051270e-01
-4.913632571697235107e-01 4.883037805557250977e-01
-4.888006746768951416e-01 4.763768613338470459e-01
4.872716069221496582e-01 -4.763359427452087402e-01
4.897161424160003662e-01 -4.883220195770263672e-01
4.937440454959869385e-01 -4.976717233657836914e-01
4.875392913818359375e-01 -4.929696023464202881e-01
4.716646075248718262e-01 -4.715077280998229980e-01
4.826343655586242676e-01 4.741024971008300781e-01
4.923664927482604980e-01 4.930515587329864502e-01
4.968573451042175293e-01 4.937082529067993164e-01
4.778991639614105225e-01 4.854592084884643555e-01
4.901022613048553467e-01 4.764221012592315674e-01
4.967346489429473877e-01 -4.803757071495056152e-01
4.806303381919860840e-01 -4.763401448726654053e-01
4.907625317573547363e-01 -4.714841544628143311e-01
4.897327721118927002e-01 -4.942591488361358643e-01
4.887535274028778076e-01 -4.948827922344207764e-01
4.907115995883941650e-01 4.946461617946624756e-01
4.918319582939147949e-01 4.941462874412536621e-01
4.938009679317474365e-01 4.969996213912963867e-01
4.747045040130615234e-01 4.750377833843231201e-01
4.835042059421539307e-01 4.718990325927734375e-01
4.752357900142669678e-01 -4.779853522777557373e-01
4.976776540279388428e-01 -4.743372201919555664e-01
4.840734899044036865e-01 -4.971987307071685791e-01
4.778023660182952881e-01 -4.800355434417724609e-01
4.760393202304840088e-01 -4.950106441974639893e-01
4.954930543899536133e-01 4.943729937076568604e-01
4.991458654403686523e-01 4.919705092906951904e-01
4.953757226467132568e-01 4.934698343276977539e-01
4.994250237941741943e-01 4.733149409294128418e-01
4.944677948951721191e-01 4.841513335704803467e-01
4.846738278865814209e-01 -4.831999242305755615e-01
4.740953743457794189e-01 -4.720575213432312012e-01
4.767985641956329346e-01 -4.943781495094299316e-01
4.801157414913177490e-01 -4.945264458656311035e-01
4.869906306266784668e-01 -4.896862804889678955e-01
4.913241565227508545e-01 4.878903627395629883e-01
4.781357049942016602e-01 4.953805804252624512e-01
4.754168391227722168e-01 4.957662224769592285e-01
4.730182290077209473e-01 4.714829623699188232e-01
4.946471750736236572e-01 4.859977662563323975e-01
4.868303239345550537e-01 -4.867687225341796875e-01
4.860231280326843262e-01 -4.814653694629669189e-01
4.841445088386535645e-01 -4.930741190910339355e-01
4.805582463741302490e-01 -4.714178442955017090e-01
4.765164554119110107e-01 -4.908095598220825195e-01
4.762942492961883545e-01 4.715847373008728027e-01
4.804725348949432373e-01 4.978372454643249512e-01
4.841164052486419678e-01 4.929787218570709229e-01
4.858963191509246826e-01 4.791611135005950928e-01
4.867435395717620850e-01 4.867156147956848145e-01
