-4.993103146553039551e-01 -4.981652498245239258e-01
-4.984292984008789062e-01 -4.829609692096710205e-01
-4.917457997798919678e-01 -4.874845445156097412e-01
-4.985617399215698242e-01 -4.672404825687408447e-01
-4.890432357788085938e-01 -4.629338383674621582e-01
-4.913473725318908691e-01 4.710815846920013428e-01
-4.995580613613128662e-01 4.688218235969543457e-01
-4.958496689796447754e-01 4.914258122444152832e-01
-4.988335371017456055e-01 4.845062792301177979e-01
-4.985732138156890869e-01 4.980564415454864502e-01
-4.920402467250823975e-01 -4.986418187618255615e-01
-4.980579018592834473e-01 -4.910117089748382568e-01
-4.975107610225677490e-01 -4.757448136806488037e-01
-4.913301765918731689e-01 -4.801096916198730469e-01
-4.969807863235473633e-01 -4.579774141311645508e-01
-4.957647919654846191e-01 4.616718292236328125e-01
-4.905003309249877930e-01 4.787826836109161377e-01
-4.971387982368469238e-01 4.763171970844268799e-01
-4.878179728984832764e-01 4.934965670108795166e-01
-4.919949471950531006e-01 4.988400638103485107e-01
-4.761170446872711182e-01 -4.997216463088989258e-01
-4.838705956935882568e-01 -4.999338984489440918e-01
-4.796484708786010742e-01 -4.930092990398406982e-01
-4.842567741870880127e-01 -4.768823683261871338e-01
-4.909449517726898193e-01 -4.709447622299194336e-01
-4.918873906135559082e-01 4.544442296028137207e-01
-4.865287244319915771e-01 4.648302495479583740e-01
-4.840471744537353516e-01 4.758798480033874512e-01
-4.830207228660583496e-01 4.999332129955291748e-01
-4.752022922039031982e-01 4.971710443496704102e-01
-4.870297610759735107e-01 -4.930115044116973877e-01
-4.675903916358947754e-01 -5.002822875976562500e-01
-4.720039665699005127e-01 -4.936365187168121338e-01
-4.839625656604766846e-01 -4.850697219371795654e-01
-4.826850891113281250e-01 -4.690687060356140137e-01
-4.636714160442352295e-01 4.880967438220977783e-01
-4.908995330333709717e-01 4.863813519477844238e-01
-4.674987494945526123e-01 4.954210817813873291e-01
-4.698084294795989990e-01 4.813769459724426270e-01
-4.807686507701873779e-01 4.921514391899108887e-01
-4.647207260131835938e-01 -4.911246597766876221e-01
-4.682196676731109619e-01 -4.831454157829284668e-01
-4.575049877166748047e-01 -4.944107234477996826e-01
-4.757294058799743652e-01 -4.777238667011260986e-01
-4.758327603340148926e-01 -4.863989055156707764e-01
-4.838616847991943359e-01 4.850914776325225830e-01
-4.758634567260742188e-01 4.740177989006042480e-01
-4.765912294387817383e-01 4.812403917312622070e-01
-4.732533991336822510e-01 4.893428981304168701e-01
-4.600718915462493896e-01 4.970787465572357178e-01
4.705109000205993652e-01 -4.820953607559204102e-01
4.625004231929779053e-01 -4.968285262584686279e-01
4.552046954631805420e-01 -4.914664328098297119e-01
4.846222102642059326e-01 -4.751215875148773193e-01
4.785175621509552002e-01 -4.804508686065673828e-01
4.721258282661437988e-01 4.897472560405731201e-01
4.849743843078613281e-01 4.770195186138153076e-01
4.623580276966094971e-01 4.900780022144317627e-01
4.671888053417205811e-01 4.959823787212371826e-01
4.553593099117279053e-01 4.940112233161926270e-01
4.702029228210449219e-01 -4.923373460769653320e-01
4.637427628040313721e-01 -4.873668551445007324e-01
4.777012467384338379e-01 -4.889487922191619873e-01
4.848670065402984619e-01 -4.843956828117370605e-01
4.923670589923858643e-01 -4.709059596061706543e-01
4.926163554191589355e-01 4.800061583518981934e-01
4.774339795112609863e-01 4.738147258758544922e-01
4.691129624843597412e-01 4.826293885707855225e-01
4.797917008399963379e-01 4.906235933303833008e-01
4.877835512161254883e-01 4.925912022590637207e-01
4.704097807407379150e-01 -4.989713728427886963e-01
4.847319126129150391e-01 -4.925262331962585449e-01
4.914524853229522705e-01 -4.882196187973022461e-01
4.975945651531219482e-01 -4.764320254325866699e-01
4.908138215541839600e-01 -4.795387685298919678e-01
4.929910898208618164e-01 4.721716940402984619e-01
4.992689490318298340e-01 4.674931764602661133e-01
4.932036697864532471e-01 4.878728985786437988e-01
4.752702414989471436e-01 4.974435567855834961e-01
4.781022965908050537e-01 4.824278652667999268e-01
4.783225655555725098e-01 -4.976872503757476807e-01
4.858009517192840576e-01 -4.999230504035949707e-01
4.923295080661773682e-01 -4.960233867168426514e-01
4.955588281154632568e-01 -4.637397825717926025e-01
4.931567013263702393e-01 -4.551662802696228027e-01
4.966293573379516602e-01 4.589799940586090088e-01
4.858963191509246826e-01 4.847925901412963867e-01
4.990482628345489502e-01 4.836975932121276855e-01
4.916188120841979980e-01 4.989691972732543945e-01
4.828892946243286133e-01 4.981876611709594727e-01
4.991437196731567383e-01 -4.991360008716583252e-01
4.987896978855133057e-01 -4.920637309551239014e-01
4.978117644786834717e-01 -4.842600226402282715e-01
4.747241735458374023e-01 -4.720791876316070557e-01
4.849965274333953857e-01 -4.664180874824523926e-01
4.906056225299835205e-01 4.643354713916778564e-01
4.847223758697509766e-01 4.691284298896789551e-01
4.998699128627777100e-01 4.760171473026275635e-01
4.992923438549041748e-01 4.914442002773284912e-01
4.989493787288665771e-01 4.982368052005767822e-01
