-4.994372129440307617e-01 -5.001656413078308105e-01
-4.985565841197967529e-01 -4.754952192306518555e-01
-4.993744492530822754e-01 -4.675028622150421143e-01
-4.906048178672790527e-01 -4.719465076923370361e-01
-4.934565126895904541e-01 -4.536467790603637695e-01
-4.988969564437866211e-01 4.608578979969024658e-01
-4.981746375560760498e-01 4.695975482463836670e-01
-4.903188049793243408e-01 4.760472774505615234e-01
-4.994139075279235840e-01 4.849903881549835205e-01
-4.998795390129089355e-01 5.004000067710876465e-01
-4.919758141040802002e-01 -4.995043873786926270e-01
-4.990468621253967285e-01 -4.837671816349029541e-01
-4.926557540893554688e-01 -4.879322052001953125e-01
-4.915279746055603027e-01 -4.799823760986328125e-01
-4.998409450054168701e-01 -4.591715633869171143e-01
-4.834177196025848389e-01 4.685015082359313965e-01
-4.917012155055999756e-01 4.848194420337677002e-01
-4.990266561508178711e-01 4.773714840412139893e-01
-4.924236536026000977e-01 5.001317858695983887e-01
-4.847449958324432373e-01 5.000957846641540527e-01
-4.751640558242797852e-01 -4.980249404907226562e-01
-4.828920662403106689e-01 -4.996230900287628174e-01
-4.992218911647796631e-01 -4.920685589313507080e-01
-4.850501418113708496e-01 -4.855277240276336670e-01
-4.922925829887390137e-01 -4.634348154067993164e-01
-4.911451935768127441e-01 4.569293856620788574e-01
-4.902686774730682373e-01 4.927419424057006836e-01
-4.984900355339050293e-01 4.928358197212219238e-01
-4.818458855152130127e-01 4.925362467765808105e-01
-4.770176708698272705e-01 4.995333552360534668e-01
-4.713517725467681885e-01 -4.908584654331207275e-01
-4.799425601959228516e-01 -4.918116033077239990e-01
-4.875994324684143066e-01 -4.932913482189178467e-01
-4.770442545413970947e-01 -4.833295643329620361e-01
-4.820550382137298584e-01 -4.684184789657592773e-01
-4.912180602550506592e-01 4.656294584274291992e-01
-4.737903475761413574e-01 4.915955662727355957e-01
-4.839205741882324219e-01 4.845430850982666016e-01
-4.675844311714172363e-01 4.843558371067047119e-01
-4.688389301300048828e-01 4.980758130550384521e-01
-4.573844373226165771e-01 -4.975744187831878662e-01
-4.672886729240417480e-01 -4.987846910953521729e-01
-4.684317409992218018e-01 -4.826417267322540283e-01
-4.622640609741210938e-01 -4.904354512691497803e-01
-4.834928512573242188e-01 -4.772648811340332031e-01
-4.805947542190551758e-01 4.766494929790496826e-01
-4.757885634899139404e-01 4.831830561161041260e-01
-4.635174572467803955e-01 4.915645718574523926e-01
-4.603332281112670898e-01 4.987609982490539551e-01
-4.539035260677337646e-01 4.926211237907409668e-01
4.604958295822143555e-01 -4.889197349548339844e-01
4.547176361083984375e-01 -4.965858459472656250e-01
4.673234224319458008e-01 -4.828171133995056152e-01
4.636726379394531250e-01 -4.974816441535949707e-01
4.754297733306884766e-01 -4.853999912738800049e-01
4.844612479209899902e-01 4.781276881694793701e-01
4.697151482105255127e-01 4.830381572246551514e-01
4.576241672039031982e-01 4.965157210826873779e-01
4.664636254310607910e-01 4.980224370956420898e-01
4.634560942649841309e-01 4.899654984474182129e-01
4.726399481296539307e-01 -5.001633167266845703e-01
4.695048928260803223e-01 -4.917834103107452393e-01
4.868074357509613037e-01 -4.933302700519561768e-01
4.914971888065338135e-01 -4.726753532886505127e-01
4.843038916587829590e-01 -4.675778746604919434e-01
4.760304987430572510e-01 4.766654372215270996e-01
4.859708547592163086e-01 4.858791232109069824e-01
4.778110980987548828e-01 4.848511815071105957e-01
4.715053141117095947e-01 4.910593032836914062e-01
4.753091633319854736e-01 4.985803961753845215e-01
4.779060482978820801e-01 -4.937029182910919189e-01
4.824920594692230225e-01 -4.999921321868896484e-01
4.932197630405426025e-01 -4.891708791255950928e-01
4.838094413280487061e-01 -4.853579699993133545e-01
4.966725409030914307e-01 -4.541639983654022217e-01
4.832905828952789307e-01 4.699486196041107178e-01
4.913942813873291016e-01 4.723603129386901855e-01
4.805035889148712158e-01 4.923638403415679932e-01
4.885521233081817627e-01 4.935462176799774170e-01
4.839088320732116699e-01 4.995246529579162598e-01
4.918754100799560547e-01 -4.996404945850372314e-01
5.003603100776672363e-01 -4.843692779541015625e-01
4.995065033435821533e-01 -4.769355356693267822e-01
4.838209450244903564e-01 -4.769035875797271729e-01
4.979712367057800293e-01 -4.674876928329467773e-01
4.978384375572204590e-01 4.669822156429290771e-01
4.901782870292663574e-01 4.632665514945983887e-01
4.994265139102935791e-01 4.834087193012237549e-01
4.935791790485382080e-01 4.882291257381439209e-01
4.927976429462432861e-01 4.991181492805480957e-01
4.995260536670684814e-01 -4.994856417179107666e-01
5.002729892730712891e-01 -4.920041561126708984e-01
4.754285514354705811e-01 -4.763647317886352539e-01
4.913178086280822754e-01 -4.812409579753875732e-01
4.912091493606567383e-01 -4.618226885795593262e-01
4.958725869655609131e-01 4.561806321144104004e-01
4.998821914196014404e-01 4.752534031867980957e-01
4.924623370170593262e-01 4.802139401435852051e-01
5.004560947418212891e-01 4.918408691883087158e-01
4.993767440319061279e-01 4.996731877326965332e-01
