-4.997097849845886230e-01 -4.994418323040008545e-01
-4.993026256561279297e-01 -4.794701635837554932e-01
-4.991452395915985107e-01 -4.589684009552001953e-01
-4.979571998119354248e-01 -4.379253685474395752e-01
-4.958689212799072266e-01 -3.437139391899108887e-01
-4.972495138645172119e-01 3.587583899497985840e-01
-4.976912736892700195e-01 4.305758774280548096e-01
-4.996348321437835693e-01 4.528136551380157471e-01
-4.987424612045288086e-01 4.757886230945587158e-01
-4.996973872184753418e-01 4.967612624168395996e-01
-4.799350798130035400e-01 -5.000938773155212402e-01
-4.765837490558624268e-01 -4.780304729938507080e-01
-4.782327115535736084e-01 -4.548772573471069336e-01
-4.964465796947479248e-01 -4.161663353443145752e-01
-5.001164078712463379e-01 -3.935169577598571777e-01
-4.977479279041290283e-01 3.842208683490753174e-01
-4.997801482677459717e-01 4.078500568866729736e-01
-4.806379377841949463e-01 4.631819128990173340e-01
-4.688768982887268066e-01 4.802551865577697754e-01
-4.791013598442077637e-01 4.994461238384246826e-01
-4.594080746173858643e-01 -4.997325241565704346e-01
-4.532058835029602051e-01 -4.777203500270843506e-01
-4.562000334262847900e-01 -4.546619355678558350e-01
-4.744713306427001953e-01 -4.315995573997497559e-01
-4.975985288619995117e-01 -3.694990873336791992e-01
-4.747104942798614502e-01 3.938099443912506104e-01
-4.765558540821075439e-01 4.411309063434600830e-01
-4.579792618751525879e-01 4.573991894721984863e-01
-4.455918371677398682e-01 4.774683117866516113e-01
-4.567816555500030518e-01 4.988904893398284912e-01
-4.379823803901672363e-01 -4.980089068412780762e-01
-4.158312082290649414e-01 -4.972623884677886963e-01
-4.297123551368713379e-01 -4.756056070327758789e-01
-4.499161541461944580e-01 -4.299688935279846191e-01
-4.743780791759490967e-01 -4.053090512752532959e-01
-4.760285615921020508e-01 4.178711175918579102e-01
-4.340447485446929932e-01 4.528665542602539062e-01
-4.221306741237640381e-01 4.754066169261932373e-01
-4.125262796878814697e-01 4.974865615367889404e-01
-4.347262382507324219e-01 4.987361729145050049e-01
-3.453143537044525146e-01 -4.956803321838378906e-01
-3.931294977664947510e-01 -4.977068901062011719e-01
-3.699696362018585205e-01 -4.946667253971099854e-01
-4.050284922122955322e-01 -4.738970696926116943e-01
-4.322218596935272217e-01 -4.512166678905487061e-01
-4.532754123210906982e-01 4.326725602149963379e-01
-3.971938788890838623e-01 4.755444228649139404e-01
-3.673754334449768066e-01 4.938579499721527100e-01
-3.900842368602752686e-01 4.995840191841125488e-01
-3.420026004314422607e-01 4.939797520637512207e-01
3.625404238700866699e-01 -4.934011399745941162e-01
4.118951559066772461e-01 -4.978361427783966064e-01
3.872930109500885010e-01 -4.971834421157836914e-01
4.004466831684112549e-01 -4.762434363365173340e-01
4.370344579219818115e-01 -4.533060193061828613e-01
4.516460299491882324e-01 4.312956035137176514e-01
4.047011137008666992e-01 4.739827811717987061e-01
3.706409633159637451e-01 4.952845573425292969e-01
3.935192227363586426e-01 4.994497597217559814e-01
3.456198275089263916e-01 4.968028366565704346e-01
4.352190494537353516e-01 -4.977984130382537842e-01
4.253218770027160645e-01 -4.758019149303436279e-01
4.120847284793853760e-01 -4.539052546024322510e-01
4.554735422134399414e-01 -4.340153038501739502e-01
4.764806628227233887e-01 -3.991500437259674072e-01
4.739348590373992920e-01 4.037143290042877197e-01
4.561242759227752686e-01 4.550793766975402832e-01
4.315602183341979980e-01 4.504729807376861572e-01
4.156829714775085449e-01 4.965391755104064941e-01
4.372664391994476318e-01 4.993629157543182373e-01
4.575609862804412842e-01 -4.988057315349578857e-01
4.494069516658782959e-01 -4.779738783836364746e-01
4.598312675952911377e-01 -4.582091569900512695e-01
4.777317345142364502e-01 -4.240213334560394287e-01
4.948824048042297363e-01 -3.673610985279083252e-01
4.975976049900054932e-01 3.696407377719879150e-01
4.760297238826751709e-01 4.291745722293853760e-01
4.537667930126190186e-01 4.775215089321136475e-01
4.303009808063507080e-01 4.756570160388946533e-01
4.585738480091094971e-01 4.985428750514984131e-01
4.789514839649200439e-01 -4.986949563026428223e-01
4.754184484481811523e-01 -4.757876098155975342e-01
4.794566035270690918e-01 -4.483653008937835693e-01
4.991189539432525635e-01 -4.130467474460601807e-01
4.989475309848785400e-01 -3.901310265064239502e-01
4.987402856349945068e-01 3.929678797721862793e-01
4.970771372318267822e-01 4.154481291770935059e-01
4.782173335552215576e-01 4.527320265769958496e-01
4.773085713386535645e-01 4.763350784778594971e-01
4.789693057537078857e-01 4.992609918117523193e-01
4.997505545616149902e-01 -4.988826215267181396e-01
4.981134533882141113e-01 -4.784203767776489258e-01
4.993501305580139160e-01 -4.577215313911437988e-01
4.993584454059600830e-01 -4.355825185775756836e-01
4.988445043563842773e-01 -3.431578576564788818e-01
4.962845742702484131e-01 3.452522456645965576e-01
4.985835552215576172e-01 4.374720156192779541e-01
4.989385306835174561e-01 4.590267241001129150e-01
4.998344182968139648e-01 4.796555638313293457e-01
4.991972744464874268e-01 4.998402595520019531e-01
