-4.991521835327148438e-01 -4.991298913955688477e-01
-4.984920620918273926e-01 -4.915921092033386230e-01
-4.978539943695068359e-01 -4.750864505767822266e-01
-4.901703298091888428e-01 -4.717618227005004883e-01
-4.964879155158996582e-01 -4.582401514053344727e-01
-4.963358044624328613e-01 4.630553722381591797e-01
-4.988002479076385498e-01 4.709528982639312744e-01
-4.915221631526947021e-01 4.860849380493164062e-01
-4.993898868560791016e-01 4.861013293266296387e-01
-4.991344809532165527e-01 4.988180696964263916e-01
-4.915398359298706055e-01 -5.001775622367858887e-01
-4.934708178043365479e-01 -4.863640964031219482e-01
-5.002133250236511230e-01 -4.830567240715026855e-01
-4.820246100425720215e-01 -4.696585237979888916e-01
-4.904060959815979004e-01 -4.636792540550231934e-01
-4.974915981292724609e-01 4.551981687545776367e-01
-4.744334816932678223e-01 4.763452112674713135e-01
-4.992042183876037598e-01 4.787308275699615479e-01
-4.915757179260253906e-01 4.997472167015075684e-01
-4.839647412300109863e-01 4.997948408126831055e-01
-4.839396476745605469e-01 -4.989759922027587891e-01
-4.889141619205474854e-01 -4.925985634326934814e-01
-4.911727905273437500e-01 -4.793806672096252441e-01
-4.831744730472564697e-01 -4.778924882411956787e-01
-4.750154912471771240e-01 -4.772574901580810547e-01
-4.849454164505004883e-01 4.671385884284973145e-01
-4.910764396190643311e-01 4.783103764057159424e-01
-4.841111004352569580e-01 4.844242930412292480e-01
-4.956097602844238281e-01 4.925692081451416016e-01
-4.878436625003814697e-01 4.929569959640502930e-01
-4.801999926567077637e-01 -4.923375546932220459e-01
-4.669151902198791504e-01 -4.991260468959808350e-01
-4.758141338825225830e-01 -4.991673827171325684e-01
-4.850024580955505371e-01 -4.856693446636199951e-01
-4.995086491107940674e-01 -4.671752750873565674e-01
-4.914080798625946045e-01 4.703496098518371582e-01
-4.831135272979736328e-01 4.759332537651062012e-01
-4.805005788803100586e-01 4.917177259922027588e-01
-4.722427427768707275e-01 4.906386137008666992e-01
-4.762547910213470459e-01 4.984653294086456299e-01
-4.564541578292846680e-01 -4.947784245014190674e-01
-4.642434120178222656e-01 -4.913972616195678711e-01
-4.679150581359863281e-01 -4.829748272895812988e-01
-4.716721773147583008e-01 -4.925613105297088623e-01
-4.761478900909423828e-01 -4.856129586696624756e-01
-4.766358435153961182e-01 4.842658042907714844e-01
-4.677200019359588623e-01 4.972260594367980957e-01
-4.680902063846588135e-01 4.831866621971130371e-01
-4.629483222961425781e-01 4.907141923904418945e-01
-4.588331878185272217e-01 4.990078210830688477e-01
4.763606786727905273e-01 -4.814403057098388672e-01
4.568590521812438965e-01 -4.976427257061004639e-01
4.680752456188201904e-01 -4.830168485641479492e-01
4.600915312767028809e-01 -4.900578856468200684e-01
4.836028814315795898e-01 -4.775223135948181152e-01
4.824218153953552246e-01 4.765535593032836914e-01
4.720129072666168213e-01 4.900467097759246826e-01
4.633251428604125977e-01 4.884414970874786377e-01
4.503928124904632568e-01 4.982593059539794922e-01
4.585233032703399658e-01 4.968004226684570312e-01
4.686827957630157471e-01 -4.920730590820312500e-01
4.655933678150177002e-01 -4.999831616878509521e-01
4.770245552062988281e-01 -4.905900359153747559e-01
4.840184450149536133e-01 -4.854149520397186279e-01
4.819667935371398926e-01 -4.697460830211639404e-01
4.715591967105865479e-01 4.814389050006866455e-01
4.887007176876068115e-01 4.863839745521545410e-01
4.666391015052795410e-01 4.976113736629486084e-01
4.799729287624359131e-01 4.841791391372680664e-01
4.746940732002258301e-01 4.976276159286499023e-01
4.734074771404266357e-01 -4.980712532997131348e-01
4.850198626518249512e-01 -4.924623668193817139e-01
4.921771883964538574e-01 -4.901910722255706787e-01
4.967838227748870850e-01 -4.697779715061187744e-01
4.900760054588317871e-01 -4.647005796432495117e-01
4.830930829048156738e-01 4.682137966156005859e-01
4.906712770462036133e-01 4.785506725311279297e-01
4.984600543975830078e-01 4.772624373435974121e-01
4.823330044746398926e-01 4.993215501308441162e-01
4.804798960685729980e-01 4.918918311595916748e-01
4.810200631618499756e-01 -4.990281760692596436e-01
4.994470477104187012e-01 -4.927243590354919434e-01
4.985315501689910889e-01 -4.853380024433135986e-01
4.899832010269165039e-01 -4.734502136707305908e-01
4.972352981567382812e-01 -4.545999765396118164e-01
4.913355708122253418e-01 4.621886312961578369e-01
4.994756877422332764e-01 4.604321122169494629e-01
4.882171452045440674e-01 4.941049218177795410e-01
4.946523010730743408e-01 4.909429252147674561e-01
4.926239848136901855e-01 4.994781017303466797e-01
4.895800650119781494e-01 -4.983669817447662354e-01
4.970637857913970947e-01 -4.995960295200347900e-01
4.976584315299987793e-01 -4.776541590690612793e-01
4.914746880531311035e-01 -4.822299480438232422e-01
4.997425675392150879e-01 -4.624065458774566650e-01
4.944543242454528809e-01 4.530625045299530029e-01
4.911134541034698486e-01 4.704735279083251953e-01
4.997914731502532959e-01 4.693816602230072021e-01
4.983554482460021973e-01 4.846636652946472168e-01
4.993391335010528564e-01 4.965752363204956055e-01
