-4.798913300037384033e-01 -4.799354076385498047e-01
-4.780626595020294189e-01 -4.876918196678161621e-01
-4.940875768661499023e-01 -4.941526651382446289e-01
-4.822829663753509521e-01 -4.815073311328887939e-01
-4.802592694759368896e-01 -4.769696295261383057e-01
-4.802832603454589844e-01 4.999743402004241943e-01
-4.828446507453918457e-01 4.764033555984497070e-01
-4.936448335647583008e-01 4.852978587150573730e-01
-4.782309830188751221e-01 4.843325018882751465e-01
-4.800186753273010254e-01 4.800250828266143799e-01
-4.858619272708892822e-01 -4.781215786933898926e-01
-4.909164011478424072e-01 -4.795519709587097168e-01
-4.876373410224914551e-01 -4.821439385414123535e-01
-2.138399183750152588e-01 -2.153594195842742920e-01
-2.138501554727554321e-01 -2.153436690568923950e-01
-2.135758846998214722e-01 2.141478061676025391e-01
-2.135708183050155640e-01 2.141463011503219604e-01
-4.854401648044586182e-01 4.843093156814575195e-01
-4.885252416133880615e-01 4.884935915470123291e-01
-4.843524992465972900e-01 4.782328903675079346e-01
-4.790888726711273193e-01 -4.940297007560729980e-01
-4.804621934890747070e-01 -4.905224442481994629e-01
-2.138678133487701416e-01 -2.153388857841491699e-01
-2.138218581676483154e-01 -2.153744399547576904e-01
-2.139580249786376953e-01 -2.152368426322937012e-01
-2.135314643383026123e-01 2.141503095626831055e-01
-2.135376334190368652e-01 2.141506820917129517e-01
-2.135193049907684326e-01 2.141457945108413696e-01
-4.843727946281433105e-01 4.854026734828948975e-01
-4.788810014724731445e-01 4.759233593940734863e-01
-4.762699604034423828e-01 -4.829313755035400391e-01
-2.139050811529159546e-01 -2.151042968034744263e-01
-2.137880176305770874e-01 -2.153666019439697266e-01
-2.139303535223007202e-01 -2.152346819639205933e-01
-2.138588726520538330e-01 -2.152785509824752808e-01
-2.135805040597915649e-01 2.141273766756057739e-01
-2.136007249355316162e-01 2.141125649213790894e-01
-2.135511487722396851e-01 2.141317129135131836e-01
-2.135846465826034546e-01 2.140609174966812134e-01
-4.784033596515655518e-01 4.828990995883941650e-01
-4.776374399662017822e-01 -4.804340302944183350e-01
-2.139240801334381104e-01 -2.150648236274719238e-01
-2.139241844415664673e-01 -2.151891291141510010e-01
-2.138663828372955322e-01 -2.152764052152633667e-01
-2.139206677675247192e-01 -2.152914106845855713e-01
-2.135588675737380981e-01 2.140956968069076538e-01
-2.135801464319229126e-01 2.141308486461639404e-01
-2.135457098484039307e-01 2.141624093055725098e-01
-2.135863155126571655e-01 2.140588760375976562e-01
-4.795460700988769531e-01 4.797577261924743652e-01
4.861841797828674316e-01 -4.798152148723602295e-01
2.150336205959320068e-01 -2.162950634956359863e-01
2.150494605302810669e-01 -2.162138968706130981e-01
2.150443345308303833e-01 -2.162912189960479736e-01
2.150017172098159790e-01 -2.163276523351669312e-01
2.133434563875198364e-01 2.133390158414840698e-01
2.132737487554550171e-01 2.133161872625350952e-01
2.133618593215942383e-01 2.133174985647201538e-01
2.132611572742462158e-01 2.133767753839492798e-01
4.782894551753997803e-01 4.795931875705718994e-01
4.772458374500274658e-01 -4.996154606342315674e-01
2.150305658578872681e-01 -2.162980437278747559e-01
2.150377631187438965e-01 -2.163072675466537476e-01
2.150553315877914429e-01 -2.162874639034271240e-01
2.150419950485229492e-01 -2.162890434265136719e-01
2.132746577262878418e-01 2.133186459541320801e-01
2.133090049028396606e-01 2.133880257606506348e-01
2.132859081029891968e-01 2.133825421333312988e-01
2.132851630449295044e-01 2.133342623710632324e-01
4.803161621093750000e-01 4.821876287460327148e-01
4.784137606620788574e-01 -4.941274523735046387e-01
4.809819757938385010e-01 -4.898776113986968994e-01
2.150162309408187866e-01 -2.162907719612121582e-01
2.150547504425048828e-01 -2.163424193859100342e-01
2.151102274656295776e-01 -2.162669450044631958e-01
2.133167684078216553e-01 2.134182602167129517e-01
2.133127599954605103e-01 2.133142352104187012e-01
2.133100777864456177e-01 2.132551670074462891e-01
4.821828007698059082e-01 4.876403510570526123e-01
4.800016283988952637e-01 4.758924245834350586e-01
4.943275153636932373e-01 -4.782868623733520508e-01
4.923303425312042236e-01 -4.923165440559387207e-01
4.898694753646850586e-01 -4.810059368610382080e-01
2.149578630924224854e-01 -2.163870632648468018e-01
2.149618566036224365e-01 -2.163863480091094971e-01
2.132853567600250244e-01 2.132904827594757080e-01
2.132775336503982544e-01 2.132918238639831543e-01
4.907042384147644043e-01 4.805099368095397949e-01
4.796242415904998779e-01 4.910168051719665527e-01
4.877384305000305176e-01 4.781431853771209717e-01
4.800745844841003418e-01 -4.800903499126434326e-01
4.782577157020568848e-01 -4.943346977233886719e-01
4.758651852607727051e-01 -4.793386757373809814e-01
4.995313584804534912e-01 -4.773169159889221191e-01
4.797770380973815918e-01 -4.858884215354919434e-01
4.804273545742034912e-01 4.758973121643066406e-01
4.830519258975982666e-01 4.773660004138946533e-01
4.758903682231903076e-01 4.817025959491729736e-01
4.782166779041290283e-01 4.858987331390380859e-01
4.876605868339538574e-01 4.875596463680267334e-01
