-4.962504506111145020e-01 -4.906952381134033203e-01
-4.808373153209686279e-01 -4.895693659782409668e-01
-4.998115003108978271e-01 -4.844090342521667480e-01
-4.941667318344116211e-01 -4.791350066661834717e-01
-4.878523945808410645e-01 -4.819389581680297852e-01
-4.779401123523712158e-01 4.817537665367126465e-01
-4.839740991592407227e-01 4.824533164501190186e-01
-4.880272746086120605e-01 4.980128407478332520e-01
-4.949761033058166504e-01 4.877293705940246582e-01
-4.861383736133575439e-01 4.787165820598602295e-01
-4.790742397308349609e-01 -4.883452057838439941e-01
-4.983339011669158936e-01 -4.976675808429718018e-01
-2.290176153182983398e-01 -2.335834801197052002e-01
-2.290229499340057373e-01 -2.333779484033584595e-01
-2.290223091840744019e-01 -2.333913892507553101e-01
-2.337626665830612183e-01 2.337814271450042725e-01
-2.337540686130523682e-01 2.337594628334045410e-01
-2.338561415672302246e-01 2.338516563177108765e-01
-4.896775484085083008e-01 4.929289817810058594e-01
-4.880847632884979248e-01 4.932138025760650635e-01
-4.871944487094879150e-01 -4.938824474811553955e-01
-2.290181666612625122e-01 -2.333363592624664307e-01
-2.289879471063613892e-01 -2.334804385900497437e-01
-2.289691418409347534e-01 -2.333846390247344971e-01
-2.290376275777816772e-01 -2.335739731788635254e-01
-2.338233143091201782e-01 2.338502556085586548e-01
-2.337517142295837402e-01 2.339912652969360352e-01
-2.338686734437942505e-01 2.338440120220184326e-01
-2.337693274021148682e-01 2.339114248752593994e-01
-4.816932380199432373e-01 4.889169037342071533e-01
-4.831017553806304932e-01 -4.884146749973297119e-01
-2.291559875011444092e-01 -2.333003729581832886e-01
-2.290825843811035156e-01 -2.335710078477859497e-01
-2.291219085454940796e-01 -2.334600239992141724e-01
-2.290192842483520508e-01 -2.335216403007507324e-01
-2.338210791349411011e-01 2.338538765907287598e-01
-2.340046614408493042e-01 2.337919920682907104e-01
-2.337643355131149292e-01 2.338497191667556763e-01
-2.338429540395736694e-01 2.338634282350540161e-01
-4.959609806537628174e-01 4.844854772090911865e-01
-2.277389317750930786e-01 -4.823736548423767090e-01
-2.291072010993957520e-01 -2.332992553710937500e-01
-2.289771735668182373e-01 -2.334363311529159546e-01
-2.290046513080596924e-01 -2.335464954376220703e-01
-2.289585918188095093e-01 -2.333869785070419312e-01
-2.339375317096710205e-01 2.338345646858215332e-01
-2.338371574878692627e-01 2.338527143001556396e-01
-2.337521165609359741e-01 2.338235676288604736e-01
-2.338266968727111816e-01 2.338688373565673828e-01
-4.779838919639587402e-01 4.786124229431152344e-01
4.900875389575958252e-01 -4.852624535560607910e-01
2.320515960454940796e-01 -2.316800057888031006e-01
2.321566194295883179e-01 -2.318911701440811157e-01
2.320205867290496826e-01 -2.318633943796157837e-01
2.319961339235305786e-01 -2.318011820316314697e-01
2.348519712686538696e-01 2.241522371768951416e-01
2.349069863557815552e-01 2.236088216304779053e-01
2.350180596113204956e-01 2.234694361686706543e-01
2.347528040409088135e-01 2.241765111684799194e-01
4.842721819877624512e-01 4.857612550258636475e-01
4.798885881900787354e-01 -4.927769601345062256e-01
2.320038378238677979e-01 -2.316777110099792480e-01
2.320571392774581909e-01 -2.317916750907897949e-01
2.319842875003814697e-01 -2.319691777229309082e-01
2.320530414581298828e-01 -2.318775355815887451e-01
2.349213510751724243e-01 2.237090170383453369e-01
2.347930073738098145e-01 2.234493792057037354e-01
2.348437309265136719e-01 2.233194261789321899e-01
2.346998900175094604e-01 2.241742163896560669e-01
4.786232113838195801e-01 4.948706924915313721e-01
4.884091317653656006e-01 -4.985951483249664307e-01
2.321304082870483398e-01 -2.316909730434417725e-01
2.319932281970977783e-01 -2.318761944770812988e-01
2.321542650461196899e-01 -2.318379729986190796e-01
2.320895344018936157e-01 -2.317941039800643921e-01
2.348621785640716553e-01 2.233295738697052002e-01
2.350249439477920532e-01 2.240216583013534546e-01
2.348811477422714233e-01 2.238218486309051514e-01
2.349562644958496094e-01 2.242128998041152954e-01
4.838665425777435303e-01 4.850238859653472900e-01
4.912336468696594238e-01 -4.806256294250488281e-01
4.927736818790435791e-01 -4.962508380413055420e-01
2.320595234632492065e-01 -2.318190783262252808e-01
2.320573031902313232e-01 -2.319612950086593628e-01
2.320551872253417969e-01 -2.319385409355163574e-01
2.349321097135543823e-01 2.235595881938934326e-01
2.349316775798797607e-01 2.236036956310272217e-01
2.349254041910171509e-01 2.234172075986862183e-01
4.929721951484680176e-01 4.792266786098480225e-01
4.880726039409637451e-01 4.815940260887145996e-01
4.831800162792205811e-01 -4.948572516441345215e-01
4.998652935028076172e-01 -4.957117140293121338e-01
4.950640797615051270e-01 -4.895402491092681885e-01
4.893121719360351562e-01 -4.816801548004150391e-01
4.812592267990112305e-01 -2.302775830030441284e-01
4.738543629646301270e-01 2.260070592164993286e-01
4.884454011917114258e-01 4.923664331436157227e-01
4.937521219253540039e-01 4.906564056873321533e-01
5.000145435333251953e-01 4.791105985641479492e-01
4.792689085006713867e-01 4.878237545490264893e-01
