-4.973405301570892334e-01 -4.975660443305969238e-01
-4.952106773853302002e-01 -3.762486279010772705e-01
-4.965964853763580322e-01 -2.725256979465484619e-01
-4.941257834434509277e-01 -1.645613461732864380e-01
-4.997726976871490479e-01 -4.901609197258949280e-02
-4.985166788101196289e-01 7.214637845754623413e-02
-4.947600364685058594e-01 1.830281615257263184e-01
-4.952290356159210205e-01 2.823458909988403320e-01
-4.954460561275482178e-01 3.777462840080261230e-01
-4.970524311065673828e-01 4.973599016666412354e-01
-3.748490214347839355e-01 -4.953687787055969238e-01
-3.694715201854705811e-01 -3.678067028522491455e-01
-3.760889768600463867e-01 -2.629595696926116943e-01
-3.602862060070037842e-01 -1.859194487333297729e-01
-2.858543694019317627e-01 -5.854735895991325378e-02
-3.696263432502746582e-01 9.597170352935791016e-02
-3.709957897663116455e-01 2.632509768009185791e-01
-3.683684170246124268e-01 3.684407174587249756e-01
-3.683398365974426270e-01 3.684228956699371338e-01
-3.751421868801116943e-01 4.955872595310211182e-01
-2.747669219970703125e-01 -4.944798648357391357e-01
-3.692658543586730957e-01 -3.678196966648101807e-01
-2.799038290977478027e-01 -2.648724317550659180e-01
-2.344767451286315918e-01 -1.563538312911987305e-01
-3.752407133579254150e-01 -1.024860888719558716e-01
-3.771980702877044678e-01 2.966343192383646965e-03
-3.683918118476867676e-01 1.823112219572067261e-01
-2.739608585834503174e-01 2.766228318214416504e-01
-2.619814276695251465e-01 3.725102841854095459e-01
-2.757419645786285400e-01 4.947440326213836670e-01
-1.696050167083740234e-01 -4.949113428592681885e-01
-2.668618857860565186e-01 -3.689819574356079102e-01
-1.933144479990005493e-01 -3.652597367763519287e-01
-1.742859333753585815e-01 -2.527383267879486084e-01
-1.646045744419097900e-01 -3.385777026414871216e-02
-2.580305635929107666e-01 5.873347446322441101e-02
-2.592398524284362793e-01 1.713010221719741821e-01
-1.696468442678451538e-01 2.469960451126098633e-01
-1.841805726289749146e-01 3.646744489669799805e-01
-1.716640442609786987e-01 4.952665269374847412e-01
-5.421219021081924438e-02 -4.971144795417785645e-01
1.330461353063583374e-03 -3.695976436138153076e-01
-1.033829301595687866e-01 -3.754028975963592529e-01
-6.835992634296417236e-02 -2.810091972351074219e-01
-8.624774217605590820e-02 -1.522932499647140503e-01
-1.379533410072326660e-01 1.215797662734985352e-01
-6.467172503471374512e-02 2.685437202453613281e-01
4.599930543918162584e-04 3.729636371135711670e-01
-9.815338999032974243e-02 3.733091950416564941e-01
-5.736231803894042969e-02 4.988655149936676025e-01
6.341620534658432007e-02 -4.951134324073791504e-01
1.770059764385223389e-01 -3.723792433738708496e-01
8.978371322154998779e-02 -3.628611862659454346e-01
3.473925217986106873e-02 -2.327904850244522095e-01
1.223183721303939819e-01 -1.304093450307846069e-01
1.318510919809341431e-01 1.374342143535614014e-01
-6.792437285184860229e-03 1.640513390302658081e-01
9.783884882926940918e-02 3.730398118495941162e-01
6.213549524545669556e-02 2.668339908123016357e-01
6.216893345117568970e-02 4.985343813896179199e-01
1.780950576066970825e-01 -4.976860880851745605e-01
2.601720094680786133e-01 -3.730393350124359131e-01
1.509993970394134521e-01 -2.594085037708282471e-01
2.463949471712112427e-01 -1.797436475753784180e-01
1.638786345720291138e-01 4.386270418763160706e-03
2.693008184432983398e-01 5.625319853425025940e-02
2.536771893501281738e-01 1.660564243793487549e-01
1.697934418916702271e-01 2.564629316329956055e-01
1.841242462396621704e-01 3.686772286891937256e-01
1.765099763870239258e-01 4.956505298614501953e-01
2.844144999980926514e-01 -4.954669177532196045e-01
3.669737279415130615e-01 -3.695027232170104980e-01
2.626596093177795410e-01 -2.794525921344757080e-01
2.610077261924743652e-01 -7.352177053689956665e-02
3.708878457546234131e-01 -4.932782426476478577e-02
3.718623220920562744e-01 1.227188482880592346e-01
3.660820424556732178e-01 2.027924060821533203e-01
2.703214287757873535e-01 2.741689085960388184e-01
2.624680995941162109e-01 3.722122013568878174e-01
2.811213135719299316e-01 4.956348538398742676e-01
3.790438175201416016e-01 -4.961710274219512939e-01
3.674899935722351074e-01 -3.695612251758575439e-01
3.695728778839111328e-01 -2.705691754817962646e-01
3.658108711242675781e-01 -2.088835239410400391e-01
3.732460141181945801e-01 -1.311836391687393188e-01
3.754526972770690918e-01 3.241033107042312622e-02
3.705196380615234375e-01 2.712032794952392578e-01
3.678433597087860107e-01 3.699869513511657715e-01
3.678016960620880127e-01 3.698248267173767090e-01
3.780410885810852051e-01 4.960977435111999512e-01
4.973943233489990234e-01 -4.971644282341003418e-01
4.952949881553649902e-01 -3.770595788955688477e-01
4.945663213729858398e-01 -2.805470526218414307e-01
4.994092583656311035e-01 -1.718023717403411865e-01
4.999359846115112305e-01 -5.100450664758682251e-02
4.990568459033966064e-01 7.122548669576644897e-02
4.952637553215026855e-01 1.849097460508346558e-01
4.956033527851104736e-01 2.856246531009674072e-01
4.957983493804931641e-01 3.786887228488922119e-01
4.976053237915039062e-01 4.972020089626312256e-01
