-5.000360012054443359e-01 -4.995101094245910645e-01
-4.984971880912780762e-01 -4.414092600345611572e-01
-4.986547827720642090e-01 -3.764363825321197510e-01
-4.987235963344573975e-01 -3.104120194911956787e-01
-4.950078427791595459e-01 -1.637551784515380859e-01
-4.983690381050109863e-01 2.381847202777862549e-01
-4.982815384864807129e-01 3.101895749568939209e-01
-4.995524883270263672e-01 3.764703571796417236e-01
-4.996003210544586182e-01 4.415520429611206055e-01
-4.987165629863739014e-01 4.992352128028869629e-01
-4.417266249656677246e-01 -4.997243881225585938e-01
-4.099976122379302979e-01 -4.495963752269744873e-01
-4.483191967010498047e-01 -4.093247056007385254e-01
-4.430790245532989502e-01 -3.460508584976196289e-01
-4.949294030666351318e-01 -8.600212633609771729e-02
-4.997502863407135010e-01 8.054009079933166504e-02
-4.428015351295471191e-01 2.747493386268615723e-01
-4.440523982048034668e-01 3.474257886409759521e-01
-4.498387873172760010e-01 4.115293025970458984e-01
-4.408509433269500732e-01 4.990254342555999756e-01
-3.759507834911346436e-01 -4.984944760799407959e-01
-3.456736505031585693e-01 -4.430117011070251465e-01
-3.849668204784393311e-01 -3.864671587944030762e-01
-4.409503042697906494e-01 -2.760986983776092529e-01
-4.981980621814727783e-01 -2.400734722614288330e-01
-4.950789511203765869e-01 1.591373831033706665e-01
-3.896713852882385254e-01 3.139167726039886475e-01
-3.867070078849792480e-01 3.858588337898254395e-01
-4.083330035209655762e-01 4.490469992160797119e-01
-3.756148219108581543e-01 5.001866221427917480e-01
-3.097579479217529297e-01 -4.980975091457366943e-01
-2.738993465900421143e-01 -4.428408741950988770e-01
-3.125691413879394531e-01 -3.877331018447875977e-01
-3.858890533447265625e-01 -3.158288002014160156e-01
-4.381427764892578125e-01 -2.048071026802062988e-01
-4.397140741348266602e-01 2.027411162853240967e-01
-3.152365684509277344e-01 3.876959085464477539e-01
-2.753287255764007568e-01 4.417870938777923584e-01
-3.453028798103332520e-01 4.443297088146209717e-01
-3.092891275882720947e-01 5.001648068428039551e-01
-2.377609312534332275e-01 -4.999886155128479004e-01
-8.137813210487365723e-02 -4.940683543682098389e-01
-1.601473093032836914e-01 -4.951737523078918457e-01
-2.030159831047058105e-01 -4.386607706546783447e-01
-3.195545673370361328e-01 -3.218274414539337158e-01
-3.245256841182708740e-01 3.222675621509552002e-01
-2.032436132431030273e-01 4.372768402099609375e-01
-2.388504147529602051e-01 4.971640110015869141e-01
-8.572027087211608887e-02 4.937309324741363525e-01
-1.635230034589767456e-01 4.959420859813690186e-01
2.395479828119277954e-01 -4.981200098991394043e-01
8.454868942499160767e-02 -4.991452395915985107e-01
1.630108505487442017e-01 -4.951231479644775391e-01
2.050055265426635742e-01 -4.374213218688964844e-01
3.202244341373443604e-01 -3.183847367763519287e-01
3.177717328071594238e-01 3.198951482772827148e-01
2.021321356296539307e-01 4.377956390380859375e-01
1.618010848760604858e-01 4.959453940391540527e-01
8.310101926326751709e-02 4.982642233371734619e-01
2.391045689582824707e-01 4.972129464149475098e-01
3.103559017181396484e-01 -4.990216791629791260e-01
2.760860919952392578e-01 -4.415529966354370117e-01
3.161321580410003662e-01 -3.856390416622161865e-01
3.868474662303924561e-01 -3.171074390411376953e-01
4.384441971778869629e-01 -2.047439217567443848e-01
4.383067488670349121e-01 2.731296718120574951e-01
3.847804963588714600e-01 3.153845667839050293e-01
3.155413568019866943e-01 3.864004015922546387e-01
2.747089564800262451e-01 4.402685463428497314e-01
3.093852698802947998e-01 4.981859028339385986e-01
3.769001066684722900e-01 -4.985601603984832764e-01
3.451080322265625000e-01 -4.437382221221923828e-01
3.861635029315948486e-01 -3.864934742450714111e-01
4.412820637226104736e-01 -2.760176956653594971e-01
4.985006451606750488e-01 -2.391904592514038086e-01
4.394710659980773926e-01 2.025594860315322876e-01
4.413045942783355713e-01 3.465622067451477051e-01
3.857532739639282227e-01 3.866874575614929199e-01
3.456521332263946533e-01 4.436202347278594971e-01
3.759095072746276855e-01 4.993096590042114258e-01
4.419999122619628906e-01 -4.980311691761016846e-01
4.092442095279693604e-01 -4.484001994132995605e-01
4.489839076995849609e-01 -4.089765250682830811e-01
4.446806907653808594e-01 -3.455008566379547119e-01
4.954269230365753174e-01 -8.444011211395263672e-02
4.972920119762420654e-01 8.163056522607803345e-02
4.997140467166900635e-01 2.393890023231506348e-01
4.497595727443695068e-01 4.099301099777221680e-01
4.094147384166717529e-01 4.488432109355926514e-01
4.411292970180511475e-01 4.987341165542602539e-01
4.997283518314361572e-01 -4.987272918224334717e-01
4.983593523502349854e-01 -4.411724805831909180e-01
4.998186826705932617e-01 -3.764552772045135498e-01
5.000019073486328125e-01 -3.095546066761016846e-01
4.959743916988372803e-01 -1.626797318458557129e-01
4.954743087291717529e-01 1.605572104454040527e-01
4.934636950492858887e-01 3.090373873710632324e-01
4.990484416484832764e-01 3.750711381435394287e-01
4.995029568672180176e-01 4.416970610618591309e-01
4.990676045417785645e-01 5.001938939094543457e-01
