-4.926568269729614258e-01 -4.920288324356079102e-01
-4.959906637668609619e-01 -4.893903136253356934e-01
-4.841862916946411133e-01 -1.506465971469879150e-01
-4.872269332408905029e-01 -1.510038673877716064e-01
-4.843466877937316895e-01 -1.506844758987426758e-01
-4.949850142002105713e-01 1.512923538684844971e-01
-4.836970567703247070e-01 1.512644290924072266e-01
-4.945186376571655273e-01 1.511395573616027832e-01
-4.953623116016387939e-01 4.994810819625854492e-01
-4.914850294589996338e-01 4.909051656723022461e-01
-4.945782423019409180e-01 -4.932206869125366211e-01
-3.817522227764129639e-01 -3.792783617973327637e-01
-3.817477524280548096e-01 -3.792432248592376709e-01
-3.617234230041503906e-01 -3.810377418994903564e-02
-3.617221415042877197e-01 -3.793647140264511108e-02
-3.633327186107635498e-01 5.563389509916305542e-02
-3.633350431919097900e-01 5.563738942146301270e-02
-3.816491961479187012e-01 3.820858299732208252e-01
-3.816250264644622803e-01 3.820753991603851318e-01
-4.880259335041046143e-01 4.991009235382080078e-01
-1.500440537929534912e-01 -4.837473034858703613e-01
-3.817686438560485840e-01 -3.792872726917266846e-01
-3.817686736583709717e-01 -3.793236017227172852e-01
-1.670726239681243896e-01 -1.668164134025573730e-01
-3.617852032184600830e-01 -3.818253427743911743e-02
-3.633221089839935303e-01 5.567304417490959167e-02
-1.696763038635253906e-01 1.670803278684616089e-01
-3.814086019992828369e-01 3.820159137248992920e-01
-3.815490901470184326e-01 3.820562958717346191e-01
-1.505419164896011353e-01 4.833853840827941895e-01
-1.501777917146682739e-01 -4.871554076671600342e-01
-4.612926393747329712e-02 -3.584852218627929688e-01
-1.671477705240249634e-01 -1.668110191822052002e-01
-1.670430898666381836e-01 -1.668818593025207520e-01
-1.670311540365219116e-01 -1.667889207601547241e-01
-1.695699095726013184e-01 1.670125871896743774e-01
-1.695904880762100220e-01 1.671079993247985840e-01
-1.694930940866470337e-01 1.670289486646652222e-01
-3.332942724227905273e-02 3.609206080436706543e-01
-1.506129056215286255e-01 4.831061363220214844e-01
-1.501157134771347046e-01 -4.838216602802276611e-01
-4.614368453621864319e-02 -3.585106134414672852e-01
-4.607474803924560547e-02 -3.586300909519195557e-01
-1.670962125062942505e-01 -1.668494045734405518e-01
-1.670519560575485229e-01 -1.668496876955032349e-01
-1.696791201829910278e-01 1.670799553394317627e-01
-1.696619242429733276e-01 1.671135127544403076e-01
-3.443873673677444458e-02 3.608843684196472168e-01
-2.964195422828197479e-02 3.609902560710906982e-01
-1.506116986274719238e-01 4.834848046302795410e-01
1.479114294052124023e-01 -4.833905994892120361e-01
3.742362558841705322e-02 -3.580570518970489502e-01
3.877221792936325073e-02 -3.580914437770843506e-01
1.637640595436096191e-01 -1.636523008346557617e-01
1.639718413352966309e-01 -1.636106967926025391e-01
1.652418226003646851e-01 1.698016673326492310e-01
1.651927828788757324e-01 1.697590500116348267e-01
5.308820307254791260e-02 3.627707958221435547e-01
5.304354056715965271e-02 3.627593219280242920e-01
1.473518610000610352e-01 4.950298368930816650e-01
1.478959023952484131e-01 -4.830669760704040527e-01
3.856346383690834045e-02 -3.580372035503387451e-01
1.638614535331726074e-01 -1.637565940618515015e-01
1.639556288719177246e-01 -1.636805683374404907e-01
1.639402955770492554e-01 -1.637833863496780396e-01
1.652533113956451416e-01 1.698013991117477417e-01
1.652049422264099121e-01 1.697893738746643066e-01
1.652102172374725342e-01 1.697766035795211792e-01
5.292846262454986572e-02 3.627616465091705322e-01
1.485757380723953247e-01 4.836292266845703125e-01
1.479247212409973145e-01 -4.833184182643890381e-01
3.805091977119445801e-01 -3.818651735782623291e-01
3.806811571121215820e-01 -3.820608556270599365e-01
1.637530326843261719e-01 -1.637895554304122925e-01
3.574210703372955322e-01 -4.175886511802673340e-02
3.574278950691223145e-01 4.013443365693092346e-02
1.652309447526931763e-01 1.697698682546615601e-01
3.815567493438720703e-01 3.830175101757049561e-01
3.814993202686309814e-01 3.830935359001159668e-01
1.473587304353713989e-01 4.945711791515350342e-01
4.876783192157745361e-01 -4.962372779846191406e-01
3.807009756565093994e-01 -3.819240331649780273e-01
3.807028830051422119e-01 -3.820218443870544434e-01
3.574607968330383301e-01 -4.167633131146430969e-02
3.574359416961669922e-01 -4.171963036060333252e-02
3.573569655418395996e-01 3.972257301211357117e-02
3.573655486106872559e-01 4.024807363748550415e-02
3.814535140991210938e-01 3.830437660217285156e-01
3.814433217048645020e-01 3.831142485141754150e-01
4.952011406421661377e-01 4.978915452957153320e-01
4.917697906494140625e-01 -4.907249510288238525e-01
4.985381364822387695e-01 -4.962685108184814453e-01
4.829551577568054199e-01 -1.510038673877716064e-01
4.827066957950592041e-01 -1.509024053812026978e-01
4.830061793327331543e-01 -1.509700864553451538e-01
4.835775494575500488e-01 1.454714238643646240e-01
4.831631481647491455e-01 1.455674022436141968e-01
4.835371077060699463e-01 1.454601436853408813e-01
4.973622560501098633e-01 4.895036816596984863e-01
4.922727048397064209e-01 4.922058880329132080e-01
