-4.987921118736267090e-01 -4.988259673118591309e-01
-4.931652843952178955e-01 -4.046150147914886475e-01
-4.938628077507019043e-01 -3.348264396190643311e-01
-4.947317242622375488e-01 -2.487024068832397461e-01
-4.940507709980010986e-01 -4.776937142014503479e-02
-4.966984987258911133e-01 1.544692665338516235e-01
-4.923047125339508057e-01 2.490196526050567627e-01
-4.926216304302215576e-01 3.316249847412109375e-01
-4.938460588455200195e-01 4.067525267601013184e-01
-4.974589347839355469e-01 4.979039728641510010e-01
-4.064287245273590088e-01 -4.930731356143951416e-01
-3.843970894813537598e-01 -3.590376973152160645e-01
-3.725000619888305664e-01 -2.702492475509643555e-01
-4.972775578498840332e-01 -1.519626677036285400e-01
-4.932256937026977539e-01 5.171152949333190918e-02
-3.833291232585906982e-01 1.005112081766128540e-01
-3.780148625373840332e-01 2.022577226161956787e-01
-3.820793032646179199e-01 3.588075637817382812e-01
-3.551965951919555664e-01 3.873561024665832520e-01
-3.994012773036956787e-01 4.999388456344604492e-01
-3.369428515434265137e-01 -4.951710700988769531e-01
-2.667009234428405762e-01 -3.707276582717895508e-01
-3.452087342739105225e-01 -3.806949257850646973e-01
-3.809215724468231201e-01 -1.924939304590225220e-01
-3.853859305381774902e-01 -8.924467116594314575e-02
-3.620707094669342041e-01 5.708335433155298233e-03
-2.811227440834045410e-01 1.339143812656402588e-01
-3.612906932830810547e-01 2.723618447780609131e-01
-2.642093598842620850e-01 3.624702394008636475e-01
-3.197637200355529785e-01 4.924694895744323730e-01
-2.457504421472549438e-01 -4.990788102149963379e-01
-1.893386244773864746e-01 -3.890725970268249512e-01
-1.709821224212646484e-01 -2.861263453960418701e-01
-2.727938592433929443e-01 -2.522750794887542725e-01
-2.861533463001251221e-01 -1.254175007343292236e-01
-2.353645265102386475e-01 3.725857473909854889e-03
-2.526035308837890625e-01 2.563011646270751953e-01
-1.907688975334167480e-01 3.773702383041381836e-01
-1.461288481950759888e-01 4.958307147026062012e-01
-2.392322868108749390e-01 4.922748208045959473e-01
-1.459378153085708618e-01 -4.930156171321868896e-01
-4.893933609127998352e-02 -4.925470054149627686e-01
-8.520848304033279419e-02 -3.718748390674591064e-01
-4.749241098761558533e-02 -2.461304664611816406e-01
-1.667091399431228638e-01 -1.550886929035186768e-01
-1.558872610330581665e-01 1.592800766229629517e-01
-1.248472779989242554e-01 2.824687063694000244e-01
-8.723209798336029053e-02 3.862628340721130371e-01
5.996466055512428284e-02 4.932375848293304443e-01
-4.090892896056175232e-02 4.975050985813140869e-01
4.990769177675247192e-02 -4.925717115402221680e-01
1.485050171613693237e-01 -4.948076903820037842e-01
1.396306045353412628e-02 -3.676291704177856445e-01
8.437268435955047607e-02 -2.425972223281860352e-01
1.896474808454513550e-01 -1.427136957645416260e-01
1.595046520233154297e-01 1.557780951261520386e-01
4.523045383393764496e-03 2.364090234041213989e-01
5.731976125389337540e-03 3.640047013759613037e-01
1.008616015315055847e-01 3.803112506866455078e-01
1.578146964311599731e-01 4.947396516799926758e-01
2.494666427373886108e-01 -4.989083707332611084e-01
2.048522382974624634e-01 -3.880263566970825195e-01
1.094175502657890320e-01 -3.699491322040557861e-01
2.026063501834869385e-01 -2.799538969993591309e-01
2.422835230827331543e-01 1.097114663571119308e-02
2.841519117355346680e-01 1.417113989591598511e-01
2.576557397842407227e-01 2.608841061592102051e-01
1.360608488321304321e-01 2.797423899173736572e-01
2.036610543727874756e-01 3.767733573913574219e-01
2.507037222385406494e-01 4.960130453109741211e-01
3.385163247585296631e-01 -4.943805634975433350e-01
2.807261049747467041e-01 -3.712909519672393799e-01
2.928323745727539062e-01 -2.422924935817718506e-01
3.070586025714874268e-01 -1.111508533358573914e-01
3.775145709514617920e-01 -2.986003831028938293e-02
3.721072673797607422e-01 6.781871616840362549e-02
3.821220993995666504e-01 1.766908168792724609e-01
2.760408520698547363e-01 3.721344769001007080e-01
3.691112101078033447e-01 3.876739144325256348e-01
3.366450369358062744e-01 4.956301152706146240e-01
4.078218936920166016e-01 -4.929873049259185791e-01
3.683214783668518066e-01 -3.815494179725646973e-01
3.813999891281127930e-01 -3.461281359195709229e-01
3.782654702663421631e-01 -2.524958252906799316e-01
3.876173198223114014e-01 -1.537452787160873413e-01
4.931438267230987549e-01 -4.538287222385406494e-02
4.923890233039855957e-01 1.525054574012756348e-01
3.650869727134704590e-01 2.590478658676147461e-01
3.760763704776763916e-01 3.412065505981445312e-01
4.085795283317565918e-01 4.937285184860229492e-01
4.978181719779968262e-01 -4.989428520202636719e-01
4.991444051265716553e-01 -4.025805592536926270e-01
4.961851239204406738e-01 -3.221306800842285156e-01
4.922829866409301758e-01 -2.378449290990829468e-01
4.961401522159576416e-01 -1.439176648855209351e-01
4.957303404808044434e-01 5.600076541304588318e-02
4.933639764785766602e-01 2.435804754495620728e-01
4.927641153335571289e-01 3.264290094375610352e-01
4.976067543029785156e-01 4.011294543743133545e-01
4.986859261989593506e-01 4.990273714065551758e-01
