-4.978098869323730469e-01 -4.977552294731140137e-01
-4.992449879646301270e-01 -3.632306158542633057e-01
-4.974364936351776123e-01 -2.472084015607833862e-01
-4.952245056629180908e-01 -1.448388099670410156e-01
-4.943241477012634277e-01 -5.285147204995155334e-02
-4.978090524673461914e-01 5.172871798276901245e-02
-4.950568079948425293e-01 1.554119139909744263e-01
-4.968449473381042480e-01 2.518902122974395752e-01
-4.995181858539581299e-01 3.648310005664825439e-01
-4.992503821849822998e-01 4.999741017818450928e-01
-3.651430606842041016e-01 -4.993841946125030518e-01
-3.656566739082336426e-01 -3.660169839859008789e-01
-3.647386729717254639e-01 -2.569128572940826416e-01
-3.611779212951660156e-01 -1.547737270593643188e-01
-3.615588545799255371e-01 -5.194561183452606201e-02
-3.626589775085449219e-01 4.776118695735931396e-02
-3.626202642917633057e-01 1.485516130924224854e-01
-3.636169135570526123e-01 2.545349001884460449e-01
-3.670535683631896973e-01 3.648589551448822021e-01
-3.661383688449859619e-01 4.964768290519714355e-01
-2.563567161560058594e-01 -4.951965212821960449e-01
-2.532831728458404541e-01 -3.634192943572998047e-01
-2.558568716049194336e-01 -2.529910504817962646e-01
-2.501448094844818115e-01 -1.495933532714843750e-01
-2.547359764575958252e-01 -4.580226913094520569e-02
-2.507303953170776367e-01 5.648488178849220276e-02
-2.532406747341156006e-01 1.562751233577728271e-01
-2.540475130081176758e-01 2.544702589511871338e-01
-2.561121284961700439e-01 3.636806607246398926e-01
-2.543011307716369629e-01 4.978163540363311768e-01
-1.525368243455886841e-01 -4.980203509330749512e-01
-1.488856822252273560e-01 -3.623033761978149414e-01
-1.572126299142837524e-01 -2.535064518451690674e-01
-1.443590372800827026e-01 -1.557808816432952881e-01
-1.613445132970809937e-01 -5.990974977612495422e-02
-1.448295712471008301e-01 4.270876944065093994e-02
-1.509853303432464600e-01 1.473000198602676392e-01
-1.531445235013961792e-01 2.515735030174255371e-01
-1.510451287031173706e-01 3.629845678806304932e-01
-1.533822566270828247e-01 4.957979619503021240e-01
-4.983599483966827393e-02 -4.942530989646911621e-01
-4.787750914692878723e-02 -3.609033524990081787e-01
-5.698972567915916443e-02 -2.496879100799560547e-01
-3.846299648284912109e-02 -1.456220000982284546e-01
-6.839084625244140625e-02 -5.139812454581260681e-02
-4.252114519476890564e-02 7.381787151098251343e-02
-4.757099971175193787e-02 1.622437387704849243e-01
-5.348875373601913452e-02 2.539725005626678467e-01
-4.839612916111946106e-02 3.624498248100280762e-01
-5.366725847125053406e-02 4.984858036041259766e-01
4.756879433989524841e-02 -4.958181679248809814e-01
5.456607788801193237e-02 -3.616878986358642578e-01
4.406777396798133850e-02 -2.536993324756622314e-01
6.084051355719566345e-02 -1.624765396118164062e-01
6.197152286767959595e-02 -6.775818765163421631e-02
8.235529065132141113e-02 5.148065090179443359e-02
6.025583669543266296e-02 1.491155773401260376e-01
4.780698567628860474e-02 2.514904439449310303e-01
5.320011824369430542e-02 3.617178201675415039e-01
4.210157319903373718e-02 4.946653842926025391e-01
1.494466364383697510e-01 -4.973390400409698486e-01
1.552671045064926147e-01 -3.624841570854187012e-01
1.503550559282302856e-01 -2.514840662479400635e-01
1.588204503059387207e-01 -1.468951851129531860e-01
1.648945212364196777e-01 -4.175427556037902832e-02
1.786606162786483765e-01 5.582252889871597290e-02
1.695930957794189453e-01 1.552778929471969604e-01
1.487156599760055542e-01 2.539937198162078857e-01
1.577355414628982544e-01 3.630619347095489502e-01
1.342636197805404663e-01 4.963842034339904785e-01
2.523576319217681885e-01 -4.958191215991973877e-01
2.567908167839050293e-01 -3.635363280773162842e-01
2.541953325271606445e-01 -2.539412677288055420e-01
2.577565312385559082e-01 -1.567494571208953857e-01
2.619547843933105469e-01 -6.207169219851493835e-02
2.790606021881103516e-01 4.065683484077453613e-02
2.741176187992095947e-01 1.411962062120437622e-01
2.539812922477722168e-01 2.508243322372436523e-01
2.583146393299102783e-01 3.652660250663757324e-01
2.455464750528335571e-01 4.993368089199066162e-01
3.651200532913208008e-01 -4.980736672878265381e-01
3.653839230537414551e-01 -3.670301437377929688e-01
3.638275265693664551e-01 -2.610298395156860352e-01
3.661210834980010986e-01 -1.559898108243942261e-01
3.694860637187957764e-01 -4.703511670231819153e-02
4.155088365077972412e-01 6.716618686914443970e-02
3.693457841873168945e-01 1.748672276735305786e-01
3.631701469421386719e-01 2.681241035461425781e-01
3.665601313114166260e-01 3.672413825988769531e-01
3.649728894233703613e-01 4.969958662986755371e-01
5.000607371330261230e-01 -4.979808032512664795e-01
4.968752264976501465e-01 -3.598507642745971680e-01
4.973138868808746338e-01 -2.350947558879852295e-01
4.993797242641448975e-01 -1.083659827709197998e-01
4.990960359573364258e-01 2.965014427900314331e-02
4.704663455486297607e-01 6.813707202672958374e-02
4.980668127536773682e-01 1.090937107801437378e-01
4.968825280666351318e-01 2.393224984407424927e-01
4.983445703983306885e-01 3.613031506538391113e-01
4.999596476554870605e-01 4.985373616218566895e-01
