-4.951463639736175537e-01 -4.951935410499572754e-01
-4.269640445709228516e-01 -4.248476624488830566e-01
-4.989171028137207031e-01 -2.523588538169860840e-01
-4.990416169166564941e-01 -2.538094222545623779e-01
-4.858662486076354980e-01 4.922151099890470505e-03
-4.882844686508178711e-01 5.068283062428236008e-03
-4.962719380855560303e-01 2.623160481452941895e-01
-4.963380992412567139e-01 2.659688889980316162e-01
-4.258292615413665771e-01 4.284650683403015137e-01
-4.979479610919952393e-01 4.969334602355957031e-01
-4.247741103172302246e-01 -4.275012314319610596e-01
-4.258913099765777588e-01 -4.252475202083587646e-01
-4.272423982620239258e-01 -4.252991378307342529e-01
-4.214696586132049561e-01 -1.388708800077438354e-01
-4.211299717426300049e-01 -1.397401839494705200e-01
-4.186580777168273926e-01 1.381146311759948730e-01
-4.184400439262390137e-01 1.339422464370727539e-01
-4.268514513969421387e-01 4.279090762138366699e-01
-4.273150563240051270e-01 4.282883703708648682e-01
-4.276064932346343994e-01 4.271351695060729980e-01
-2.473975121974945068e-01 -4.987512230873107910e-01
-1.400248855352401733e-01 -4.239091277122497559e-01
-2.975708842277526855e-01 -3.012035787105560303e-01
-2.961636781692504883e-01 -3.027655184268951416e-01
-2.512270808219909668e-01 -6.711006164550781250e-02
-2.493924498558044434e-01 5.711162462830543518e-02
-3.034285306930541992e-01 3.023562431335449219e-01
-3.040128350257873535e-01 3.038133978843688965e-01
-4.267477989196777344e-01 4.282132387161254883e-01
-2.710953354835510254e-01 4.974811375141143799e-01
-2.451571822166442871e-01 -4.987062215805053711e-01
-1.397040933370590210e-01 -4.240723252296447754e-01
-2.957093715667724609e-01 -3.000013828277587891e-01
-1.152246147394180298e-01 -1.256462782621383667e-01
-2.508995532989501953e-01 -6.279740482568740845e-02
-2.470885068178176880e-01 5.929183959960937500e-02
-1.172398924827575684e-01 1.263784170150756836e-01
-3.028404414653778076e-01 3.041433095932006836e-01
-1.348298490047454834e-01 4.223145544528961182e-01
-2.686548233032226562e-01 4.976191222667694092e-01
1.142118126153945923e-02 -4.929750263690948486e-01
-1.353354305028915405e-01 -4.236727058887481689e-01
-5.989251658320426941e-02 -2.674458026885986328e-01
-5.753770470619201660e-02 -2.683100700378417969e-01
-1.175334155559539795e-01 -1.301386058330535889e-01
-1.162405088543891907e-01 1.241998896002769470e-01
-4.962675273418426514e-02 2.628402113914489746e-01
-4.767174646258354187e-02 2.629062831401824951e-01
-1.338430196046829224e-01 4.226434230804443359e-01
1.878446526825428009e-02 4.956905841827392578e-01
1.504569314420223236e-02 -4.929541647434234619e-01
1.238816007971763611e-01 -4.192616343498229980e-01
5.267502367496490479e-02 -2.653706669807434082e-01
5.431259423494338989e-02 -2.642823457717895508e-01
1.179463118314743042e-01 -1.203242093324661255e-01
1.209267303347587585e-01 1.182926520705223083e-01
5.897592380642890930e-02 2.636291682720184326e-01
5.638415738940238953e-02 2.645362019538879395e-01
1.157568022608757019e-01 4.223312437534332275e-01
1.924767531454563141e-02 4.936888813972473145e-01
2.533989548683166504e-01 -4.874581694602966309e-01
1.249688789248466492e-01 -4.188311994075775146e-01
2.888219356536865234e-01 -2.908185422420501709e-01
1.198334172368049622e-01 -1.210642084479331970e-01
2.615860104560852051e-01 -5.400732159614562988e-02
2.617385387420654297e-01 5.374944582581520081e-02
1.218444034457206726e-01 1.186026707291603088e-01
2.907879054546356201e-01 2.913529276847839355e-01
1.094948574900627136e-01 4.224126338958740234e-01
2.585899531841278076e-01 4.854989349842071533e-01
2.542200684547424316e-01 -4.874732196331024170e-01
1.223171278834342957e-01 -4.188771545886993408e-01
2.885625362396240234e-01 -2.914191782474517822e-01
2.895478308200836182e-01 -2.916757464408874512e-01
2.618920207023620605e-01 -5.218176543712615967e-02
2.622850537300109863e-01 5.829548463225364685e-02
2.914283573627471924e-01 2.920675575733184814e-01
2.893582284450531006e-01 2.919683456420898438e-01
1.117169111967086792e-01 4.222486615180969238e-01
2.594094872474670410e-01 4.860959053039550781e-01
4.253100752830505371e-01 -4.242839813232421875e-01
4.244469106197357178e-01 -4.255958199501037598e-01
4.161726534366607666e-01 -1.307735592126846313e-01
4.159433245658874512e-01 -1.255549788475036621e-01
4.162372052669525146e-01 -1.309956014156341553e-01
4.155416190624237061e-01 1.293947398662567139e-01
4.160095453262329102e-01 1.290544718503952026e-01
4.158245921134948730e-01 1.291465312242507935e-01
4.258357286453247070e-01 4.250524640083312988e-01
4.251274466514587402e-01 4.249489605426788330e-01
4.957956373691558838e-01 -4.954769909381866455e-01
4.237444996833801270e-01 -4.258086085319519043e-01
4.873897731304168701e-01 -2.460409104824066162e-01
4.873287677764892578e-01 -2.445377111434936523e-01
4.866991639137268066e-01 -1.377053558826446533e-03
4.867442250251770020e-01 -3.029201645404100418e-03
4.882827997207641602e-01 2.460432201623916626e-01
4.884210526943206787e-01 2.455545216798782349e-01
4.251266717910766602e-01 4.253045916557312012e-01
4.952358007431030273e-01 4.950580000877380371e-01
