0.000000000000000000e+00 nan
2.000000000000000042e-02 1.000358870947360979e+00
4.000000000000000083e-02 1.977956712818145668e+00
5.999999999999999778e-02 2.941484161448478574e+00
8.000000000000000167e-02 3.869185574197769206e+00
1.000000000000000056e-01 4.802432923889160321e+00
1.199999999999999956e-01 5.712305691337585145e+00
1.400000000000000133e-01 6.578939091491699642e+00
1.600000000000000033e-01 7.460405404472351343e+00
1.799999999999999933e-01 8.288803295135497962e+00
2.000000000000000111e-01 9.128235825443267615e+00
2.200000000000000011e-01 9.945904814434051389e+00
2.399999999999999911e-01 1.072359625883102474e+01
2.600000000000000089e-01 1.150101595077514638e+01
2.800000000000000266e-01 1.229546123466491636e+01
2.999999999999999889e-01 1.300432130699157796e+01
3.200000000000000067e-01 1.374308897132873497e+01
3.400000000000000244e-01 1.444710561466217058e+01
3.599999999999999867e-01 1.512845645446777354e+01
3.800000000000000044e-01 1.575487536277771028e+01
4.000000000000000222e-01 1.647382316436767624e+01
4.199999999999999845e-01 1.706592835311889544e+01
4.400000000000000022e-01 1.773570259647369340e+01
4.600000000000000200e-01 1.829486991767883453e+01
4.799999999999999822e-01 1.894532217884063741e+01
5.000000000000000000e-01 1.953203382148742762e+01
5.200000000000000178e-01 2.015955540981292771e+01
5.400000000000000355e-01 2.056331253070831266e+01
5.600000000000000533e-01 2.120579883499145524e+01
5.799999999999999600e-01 2.168799018497466946e+01
5.999999999999999778e-01 2.218312416973114054e+01
6.199999999999999956e-01 2.268396794490814372e+01
6.400000000000000133e-01 2.315724711513519196e+01
6.600000000000000311e-01 2.366053160839080860e+01
6.800000000000000488e-01 2.408289679279327444e+01
7.000000000000000666e-01 2.446035687408447146e+01
7.199999999999999734e-01 2.483272524604797482e+01
7.399999999999999911e-01 2.537235373973846464e+01
7.600000000000000089e-01 2.578946278972625805e+01
7.800000000000000266e-01 2.611331321048736598e+01
8.000000000000000444e-01 2.654744493026733565e+01
8.200000000000000622e-01 2.685427550296783394e+01
8.399999999999999689e-01 2.714024810943603683e+01
8.599999999999999867e-01 2.759133426380157417e+01
8.800000000000000044e-01 2.784559062747955238e+01
9.000000000000000222e-01 2.818080655956268288e+01
9.200000000000000400e-01 2.849272742176055928e+01
9.400000000000000577e-01 2.877446255588531443e+01
9.599999999999999645e-01 2.900224015083313134e+01
9.799999999999999822e-01 2.937306440067291291e+01
1.000000000000000000e+00 2.962637333087921121e+01
1.020000000000000018e+00 2.976737931480407795e+01
1.040000000000000036e+00 3.015144091072082588e+01
1.060000000000000053e+00 3.038876078681945714e+01
1.080000000000000071e+00 3.055163823699951209e+01
1.100000000000000089e+00 3.066772283744812100e+01
1.120000000000000107e+00 3.070509102401733514e+01
1.140000000000000124e+00 3.099838338851928654e+01
1.159999999999999920e+00 3.135653025398254456e+01
1.179999999999999938e+00 3.151772883377075019e+01
1.199999999999999956e+00 3.170524796524047773e+01
1.219999999999999973e+00 3.169041278877258350e+01
1.239999999999999991e+00 3.185821165943145772e+01
1.260000000000000009e+00 3.201351770095825344e+01
1.280000000000000027e+00 3.225684686737060503e+01
1.300000000000000044e+00 3.228731243972778486e+01
1.320000000000000062e+00 3.240823279533385914e+01
1.340000000000000080e+00 3.250317574806213372e+01
1.360000000000000098e+00 3.267700982723236081e+01
1.380000000000000115e+00 3.268260546894073570e+01
1.400000000000000133e+00 3.268826763420104697e+01
1.419999999999999929e+00 3.288160993118285802e+01
1.439999999999999947e+00 3.284192763290405281e+01
1.459999999999999964e+00 3.301950182857513738e+01
1.479999999999999982e+00 3.304222917461395070e+01
1.500000000000000000e+00 3.294135885715484591e+01
1.520000000000000018e+00 3.304367370662689041e+01
1.540000000000000036e+00 3.321554747409820862e+01
1.560000000000000053e+00 3.326738368911743038e+01
1.580000000000000071e+00 3.321345346603393267e+01
1.600000000000000089e+00 3.302974935188293415e+01
1.620000000000000107e+00 3.325150205745696752e+01
1.640000000000000124e+00 3.310697602081298641e+01
1.660000000000000142e+00 3.324005736293792523e+01
1.679999999999999938e+00 3.315426424884795864e+01
1.699999999999999956e+00 3.304037460441589502e+01
1.719999999999999973e+00 3.307708640022277535e+01
1.739999999999999991e+00 3.315421033935546546e+01
1.760000000000000009e+00 3.310292749271393120e+01
1.780000000000000027e+00 3.290026697654724330e+01
1.800000000000000044e+00 3.302495924091338964e+01
1.820000000000000062e+00 3.289152527732849052e+01
1.840000000000000080e+00 3.268709018287658807e+01
1.860000000000000098e+00 3.273473130264282105e+01
1.880000000000000115e+00 3.274805767631530529e+01
1.900000000000000133e+00 3.261630611495971976e+01
1.919999999999999929e+00 3.267366424732207975e+01
1.939999999999999947e+00 3.244145078544616467e+01
1.959999999999999964e+00 3.234769328193664251e+01
1.979999999999999982e+00 3.249012730865478460e+01
2.000000000000000000e+00 3.226334334220886291e+01
2.020000000000000018e+00 3.197871378917693974e+01
2.040000000000000036e+00 3.197579012336731097e+01
2.060000000000000053e+00 3.198083360309600920e+01
2.080000000000000071e+00 3.184357538528442433e+01
2.100000000000000089e+00 3.175242931213378839e+01
2.120000000000000107e+00 3.180960202980041629e+01
2.140000000000000124e+00 3.148717948474883954e+01
2.160000000000000142e+00 3.177329669876098706e+01
2.180000000000000160e+00 3.135018915462493894e+01
2.200000000000000178e+00 3.112811229534149149e+01
2.220000000000000195e+00 3.095897425899505606e+01
2.240000000000000213e+00 3.086214575881957956e+01
2.260000000000000231e+00 3.097644441261291348e+01
2.280000000000000249e+00 3.072962666778564511e+01
2.300000000000000266e+00 3.049464698162078946e+01
2.319999999999999840e+00 3.040921903190612952e+01
2.339999999999999858e+00 3.010864573192596438e+01
2.359999999999999876e+00 3.012488429107666121e+01
2.379999999999999893e+00 2.997303936195373453e+01
2.399999999999999911e+00 2.989710853691100922e+01
2.419999999999999929e+00 2.965711429367065577e+01
2.439999999999999947e+00 2.948961535091400066e+01
2.459999999999999964e+00 2.941020796566009565e+01
2.479999999999999982e+00 2.923532865142822246e+01
2.500000000000000000e+00 2.905075233726501338e+01
2.520000000000000018e+00 2.896261890697479302e+01
2.540000000000000036e+00 2.888462328681945834e+01
2.560000000000000053e+00 2.873539645004272458e+01
2.580000000000000071e+00 2.845415791893005419e+01
2.600000000000000089e+00 2.825525322923660454e+01
2.620000000000000107e+00 2.819382180690765338e+01
2.640000000000000124e+00 2.803116320362090974e+01
2.660000000000000142e+00 2.781359549522399988e+01
2.680000000000000160e+00 2.771531485900878877e+01
2.700000000000000178e+00 2.749898979911804275e+01
2.720000000000000195e+00 2.712074171762466435e+01
2.740000000000000213e+00 2.725383928031921243e+01
2.760000000000000231e+00 2.676733395709991470e+01
2.780000000000000249e+00 2.662731966638565240e+01
2.800000000000000266e+00 2.655694379625320423e+01
2.819999999999999840e+00 2.640104044322967525e+01
2.839999999999999858e+00 2.624819970626830923e+01
2.859999999999999876e+00 2.619989792375564619e+01
2.879999999999999893e+00 2.585195453691482470e+01
2.899999999999999911e+00 2.563390741300582931e+01
2.919999999999999929e+00 2.562037331876754820e+01
2.939999999999999947e+00 2.523705321846008331e+01
2.959999999999999964e+00 2.516060642671585157e+01
2.979999999999999982e+00 2.496683131790161170e+01
3.000000000000000000e+00 2.497907084436416625e+01
3.020000000000000018e+00 2.482930663452148323e+01
3.040000000000000036e+00 2.456822312583923207e+01
3.060000000000000053e+00 2.413537572107314944e+01
3.080000000000000071e+00 2.395860961923599319e+01
3.100000000000000089e+00 2.368393800010681005e+01
3.120000000000000107e+00 2.381394620056152434e+01
3.140000000000000124e+00 2.363152953739166406e+01
3.160000000000000142e+00 2.355277720880508596e+01
3.180000000000000160e+00 2.327286649188995327e+01
3.200000000000000178e+00 2.305421286535263192e+01
3.220000000000000195e+00 2.278686135921478240e+01
3.240000000000000213e+00 2.279116103916168257e+01
3.260000000000000231e+00 2.269713839731216254e+01
3.280000000000000249e+00 2.244460297546386585e+01
3.300000000000000266e+00 2.218601647796630871e+01
3.320000000000000284e+00 2.196278188171386603e+01
3.339999999999999858e+00 2.177058608665466366e+01
3.359999999999999876e+00 2.151073150806427137e+01
3.379999999999999893e+00 2.151124954071044826e+01
3.399999999999999911e+00 2.132019961605071856e+01
3.419999999999999929e+00 2.113757799034118534e+01
3.439999999999999947e+00 2.071722246413230906e+01
3.459999999999999964e+00 2.063270282516479526e+01
3.479999999999999982e+00 2.065855696611404468e+01
3.500000000000000000e+00 2.050798946809768708e+01
3.520000000000000018e+00 2.020224067506790178e+01
3.540000000000000036e+00 2.010757891178131018e+01
3.560000000000000053e+00 1.979111793899536309e+01
3.580000000000000071e+00 1.963281198253631743e+01
3.600000000000000089e+00 1.956380016212463246e+01
3.620000000000000107e+00 1.926530568251609665e+01
3.640000000000000124e+00 1.910134451770782604e+01
3.660000000000000142e+00 1.908766615042686610e+01
3.680000000000000160e+00 1.881278126378059312e+01
3.700000000000000178e+00 1.861881987228393598e+01
3.720000000000000195e+00 1.861256087360382239e+01
3.740000000000000213e+00 1.839248050174713001e+01
3.760000000000000231e+00 1.806948305850028902e+01
3.780000000000000249e+00 1.791129924845695598e+01
3.800000000000000266e+00 1.801153558683395417e+01
3.820000000000000284e+00 1.769439942431450064e+01
3.839999999999999858e+00 1.736654593710899519e+01
3.859999999999999876e+00 1.737164264779091027e+01
3.879999999999999893e+00 1.716349187064170678e+01
3.899999999999999911e+00 1.708664548621177559e+01
3.919999999999999929e+00 1.684446705307960457e+01
3.939999999999999947e+00 1.672077011175155548e+01
3.959999999999999964e+00 1.650064737734794562e+01
3.979999999999999982e+00 1.644060468301773170e+01
4.000000000000000000e+00 1.643155981683731071e+01
4.020000000000000462e+00 1.618167281403541580e+01
4.040000000000000036e+00 1.583470860314369233e+01
4.060000000000000497e+00 1.580586859121322618e+01
4.080000000000000071e+00 1.556923227412700683e+01
4.099999999999999645e+00 1.526607824444770856e+01
4.120000000000000107e+00 1.532315517425537088e+01
4.139999999999999680e+00 1.498890895204544016e+01
4.160000000000000142e+00 1.493977732694149019e+01
4.179999999999999716e+00 1.494925871396064743e+01
4.200000000000000178e+00 1.469411161706447544e+01
4.219999999999999751e+00 1.438023428063392650e+01
4.240000000000000213e+00 1.439435782713890077e+01
4.259999999999999787e+00 1.435924527115821903e+01
4.280000000000000249e+00 1.410269730296134938e+01
4.299999999999999822e+00 1.395009733722209866e+01
4.320000000000000284e+00 1.387724364418983392e+01
4.339999999999999858e+00 1.355848926768302931e+01
4.360000000000000320e+00 1.343907990870475722e+01
4.379999999999999893e+00 1.332100979158878395e+01
4.400000000000000355e+00 1.308399350728988608e+01
4.419999999999999929e+00 1.306344870650768364e+01
4.440000000000000391e+00 1.308431661148071257e+01
4.459999999999999964e+00 1.285463764948844911e+01
4.480000000000000426e+00 1.273823821744918838e+01
4.500000000000000000e+00 1.254301347465515093e+01
4.520000000000000462e+00 1.250965594980716666e+01
4.540000000000000036e+00 1.229594529604911735e+01
4.560000000000000497e+00 1.215183853144645632e+01
4.580000000000000071e+00 1.213827425715923347e+01
4.600000000000000533e+00 1.191569323780536571e+01
4.620000000000000107e+00 1.185507201929092425e+01
4.639999999999999680e+00 1.176830250954627921e+01
4.660000000000000142e+00 1.166464072740077995e+01
4.679999999999999716e+00 1.137140936975479200e+01
4.700000000000000178e+00 1.129111089966297143e+01
4.719999999999999751e+00 1.115134204920530259e+01
4.740000000000000213e+00 1.103857697708606800e+01
4.759999999999999787e+00 1.100428039941787794e+01
4.780000000000000249e+00 1.070344328832626424e+01
4.799999999999999822e+00 1.068093488876819563e+01
4.820000000000000284e+00 1.061229485254287752e+01
4.839999999999999858e+00 1.043463027100563068e+01
4.860000000000000320e+00 1.031655290160179206e+01
4.879999999999999893e+00 1.017157097544670030e+01
4.900000000000000355e+00 1.011036915136575765e+01
4.919999999999999929e+00 9.921067986905574898e+00
4.940000000000000391e+00 9.898759908223151882e+00
4.959999999999999964e+00 9.810471985602378098e+00
4.980000000000000426e+00 9.781651589393614898e+00
5.000000000000000000e+00 9.586353662204741610e+00
5.020000000000000462e+00 9.490391118359566391e+00
5.040000000000000036e+00 9.448802093279361713e+00
5.060000000000000497e+00 9.402445591306685557e+00
5.080000000000000071e+00 9.123588214182854372e+00
5.100000000000000533e+00 9.009675941729545556e+00
5.120000000000000107e+00 9.066245680260658801e+00
5.139999999999999680e+00 8.825882490444183048e+00
5.160000000000000142e+00 8.703683736491203859e+00
5.179999999999999716e+00 8.697171313869953124e+00
5.200000000000000178e+00 8.432041982877255037e+00
5.219999999999999751e+00 8.405918778896332100e+00
5.240000000000000213e+00 8.374914573693274633e+00
5.259999999999999787e+00 8.232619947111606606e+00
5.280000000000000249e+00 8.203424267697334571e+00
5.299999999999999822e+00 8.000554292011260671e+00
5.320000000000000284e+00 8.014448199427127051e+00
5.339999999999999858e+00 7.894899770885706047e+00
5.360000000000000320e+00 7.775568605858087956e+00
5.379999999999999893e+00 7.685140840697288311e+00
5.400000000000000355e+00 7.613076365232467779e+00
5.419999999999999929e+00 7.448497473871707797e+00
5.440000000000000391e+00 7.511614535713195373e+00
5.459999999999999964e+00 7.314000430774688866e+00
5.480000000000000426e+00 7.307021142780780742e+00
5.500000000000000000e+00 7.177568837237358501e+00
5.520000000000000462e+00 7.043664849638938463e+00
5.540000000000000036e+00 7.123235607826710059e+00
5.560000000000000497e+00 6.920956747531890940e+00
5.580000000000000071e+00 6.869223472321033697e+00
5.600000000000000533e+00 6.712798276919126117e+00
5.620000000000000107e+00 6.605803421294688782e+00
5.639999999999999680e+00 6.722275894457101941e+00
5.660000000000000142e+00 6.543069574332236904e+00
5.679999999999999716e+00 6.364201324921846314e+00
5.700000000000000178e+00 6.459020358753204683e+00
5.719999999999999751e+00 6.374885657322407084e+00
5.740000000000000213e+00 6.271573626160622084e+00
5.759999999999999787e+00 6.124576288253068768e+00
5.780000000000000249e+00 6.034956008136272310e+00
5.799999999999999822e+00 6.096878675585985619e+00
5.820000000000000284e+00 5.946901326322555192e+00
5.839999999999999858e+00 5.894720422321557685e+00
5.860000000000000320e+00 5.756911181908845876e+00
5.879999999999999893e+00 5.693352180874347468e+00
5.900000000000000355e+00 5.633951020503044305e+00
5.919999999999999929e+00 5.565117747622728039e+00
5.940000000000000391e+00 5.515918753075599312e+00
5.959999999999999964e+00 5.436494793826341265e+00
5.980000000000000426e+00 5.391113329672813315e+00
6.000000000000000000e+00 5.351850212869048384e+00
6.020000000000000462e+00 5.251626048880815745e+00
6.040000000000000036e+00 5.194382166546582802e+00
6.060000000000000497e+00 5.140680661809444274e+00
6.080000000000000071e+00 5.138351971018314757e+00
6.100000000000000533e+00 4.964979922685027525e+00
6.120000000000000107e+00 4.952191281056403938e+00
6.140000000000000568e+00 4.860857232499122382e+00
6.160000000000000142e+00 4.810499960261583219e+00
6.179999999999999716e+00 4.740881607103347939e+00
6.200000000000000178e+00 4.654183756589889143e+00
6.219999999999999751e+00 4.639967217910289321e+00
6.240000000000000213e+00 4.583585546803474742e+00
6.259999999999999787e+00 4.521572004225849817e+00
6.280000000000000249e+00 4.432766365411877629e+00
6.299999999999999822e+00 4.421461886829137988e+00
6.320000000000000284e+00 4.411602913549542038e+00
6.339999999999999858e+00 4.276209372264147213e+00
6.360000000000000320e+00 4.268048681688308754e+00
6.379999999999999893e+00 4.240103346791863181e+00
6.400000000000000355e+00 4.198205546349287332e+00
6.419999999999999929e+00 4.116742838223278689e+00
6.440000000000000391e+00 3.972708560228347618e+00
6.459999999999999964e+00 3.999923216030001782e+00
6.480000000000000426e+00 3.976646491512656034e+00
6.500000000000000000e+00 3.911603665208816416e+00
6.520000000000000462e+00 3.862781015546620011e+00
6.540000000000000036e+00 3.782657838264107841e+00
6.560000000000000497e+00 3.786356110334396341e+00
6.580000000000000071e+00 3.695299285036325543e+00
6.600000000000000533e+00 3.689219899398088476e+00
6.620000000000000107e+00 3.577484611168503914e+00
6.640000000000000568e+00 3.538397942820191489e+00
6.660000000000000142e+00 3.531282411107421026e+00
6.679999999999999716e+00 3.449887848567962489e+00
6.700000000000000178e+00 3.400522089007496973e+00
6.719999999999999751e+00 3.362079060944914932e+00
6.740000000000000213e+00 3.318142746838927071e+00
6.759999999999999787e+00 3.318663288354873675e+00
6.780000000000000249e+00 3.250187862725555821e+00
6.799999999999999822e+00 3.252138291648030144e+00
6.820000000000000284e+00 3.152683367455005659e+00
6.839999999999999858e+00 3.140312620598077586e+00
6.860000000000000320e+00 3.092379934626817484e+00
6.879999999999999893e+00 3.033198816929757680e+00
6.900000000000000355e+00 3.025970902374386817e+00
6.919999999999999929e+00 3.011326564770937075e+00
6.940000000000000391e+00 2.945248312903940846e+00
6.959999999999999964e+00 2.907097446994483469e+00
6.980000000000000426e+00 2.884763541576266466e+00
7.000000000000000000e+00 2.788623186829686240e+00
7.020000000000000462e+00 2.786813194926083259e+00
7.040000000000000036e+00 2.747512437692284593e+00
7.060000000000000497e+00 2.761727085737883947e+00
7.080000000000000071e+00 2.648977718310058016e+00
7.100000000000000533e+00 2.599482644206285276e+00
7.120000000000000107e+00 2.603957999883592223e+00
7.140000000000000568e+00 2.551546069002151640e+00
7.160000000000000142e+00 2.520730324505269682e+00
7.179999999999999716e+00 2.482439931260049359e+00
7.200000000000000178e+00 2.478394716971367817e+00
7.219999999999999751e+00 2.448113479910790868e+00
7.240000000000000213e+00 2.405234103995561590e+00
7.259999999999999787e+00 2.401132281537353919e+00
7.280000000000000249e+00 2.329152869041263951e+00
7.299999999999999822e+00 2.307825061738491002e+00
7.320000000000000284e+00 2.315970995080470995e+00
7.339999999999999858e+00 2.239277018855512225e+00
7.360000000000000320e+00 2.240283841924369135e+00
7.379999999999999893e+00 2.156844875484705160e+00
7.400000000000000355e+00 2.165259259766340261e+00
7.419999999999999929e+00 2.160765283124149061e+00
7.440000000000000391e+00 2.129975884761288629e+00
7.459999999999999964e+00 2.088652872693538498e+00
7.480000000000000426e+00 2.071334029940515631e+00
7.500000000000000000e+00 1.994154775439947791e+00
7.520000000000000462e+00 2.006976331263780722e+00
7.540000000000000036e+00 1.954488021659106067e+00
7.560000000000000497e+00 1.921247631005197798e+00
7.580000000000000071e+00 1.917511513782292676e+00
7.600000000000000533e+00 1.949721708704531098e+00
7.620000000000000107e+00 1.888513766159117147e+00
7.640000000000000568e+00 1.828617272133380212e+00
7.660000000000000142e+00 1.811935675308108395e+00
7.679999999999999716e+00 1.782397750730067454e+00
7.700000000000000178e+00 1.775674711976200415e+00
7.719999999999999751e+00 1.766764771637320486e+00
7.740000000000000213e+00 1.739512935175001607e+00
7.759999999999999787e+00 1.709567582839727429e+00
7.780000000000000249e+00 1.676176449748128627e+00
7.799999999999999822e+00 1.662470305152237371e+00
7.820000000000000284e+00 1.606752257838845344e+00
7.839999999999999858e+00 1.600850005023926492e+00
7.860000000000000320e+00 1.589802597845345833e+00
7.879999999999999893e+00 1.551032988803088708e+00
7.900000000000000355e+00 1.561885511963442053e+00
7.919999999999999929e+00 1.522565950090438047e+00
7.940000000000000391e+00 1.502471057022362944e+00
7.959999999999999964e+00 1.511698387153446621e+00
7.980000000000000426e+00 1.452023304857313679e+00
8.000000000000000000e+00 1.437948687124252389e+00
8.019999999999999574e+00 1.422794139216467801e+00
8.040000000000000924e+00 1.411346121855452607e+00
8.060000000000000497e+00 1.378598539498448350e+00
8.080000000000000071e+00 1.369802321476489393e+00
8.099999999999999645e+00 1.377011759712547079e+00
8.120000000000000995e+00 1.331106644495949176e+00
8.140000000000000568e+00 1.311794256664067460e+00
8.160000000000000142e+00 1.284289600777998475e+00
8.179999999999999716e+00 1.291672194615751446e+00
8.199999999999999289e+00 1.278735925890691627e+00
8.220000000000000639e+00 1.254438254842162204e+00
8.240000000000000213e+00 1.199287262063287285e+00
8.259999999999999787e+00 1.231232420151308071e+00
8.279999999999999361e+00 1.204533693866059130e+00
8.300000000000000711e+00 1.192690155464783297e+00
8.320000000000000284e+00 1.181052061496768113e+00
8.339999999999999858e+00 1.137156074792519123e+00
8.359999999999999432e+00 1.137138856907188966e+00
8.380000000000000782e+00 1.147873928383737807e+00
8.400000000000000355e+00 1.103405857553332980e+00
8.419999999999999929e+00 1.062913783413730551e+00
8.439999999999999503e+00 1.064173323347046951e+00
8.460000000000000853e+00 1.054031484787538719e+00
8.480000000000000426e+00 1.057164327328838471e+00
8.500000000000000000e+00 1.053359434558637453e+00
8.519999999999999574e+00 1.016246808610111518e+00
8.540000000000000924e+00 1.020750551978871323e+00
8.560000000000000497e+00 9.611505978208034762e-01
8.580000000000000071e+00 9.613539135619998399e-01
8.599999999999999645e+00 9.559659578623249665e-01
8.620000000000000995e+00 9.462833949282765111e-01
8.640000000000000568e+00 9.221759186830371657e-01
8.660000000000000142e+00 9.170590270716697523e-01
8.679999999999999716e+00 9.204520841587334745e-01
8.700000000000001066e+00 9.043206954587250657e-01
8.720000000000000639e+00 9.106932384543120484e-01
8.740000000000000213e+00 8.623098698129877393e-01
8.759999999999999787e+00 8.661134999098256682e-01
8.779999999999999361e+00 8.359410833647474837e-01
8.800000000000000711e+00 8.446610535303130662e-01
8.820000000000000284e+00 8.273423217672855046e-01
8.839999999999999858e+00 8.222611539132893554e-01
8.859999999999999432e+00 8.207283841565251592e-01
8.880000000000000782e+00 7.851133881924673430e-01
8.900000000000000355e+00 7.783521528627723729e-01
8.919999999999999929e+00 7.586820287565700927e-01
8.939999999999999503e+00 7.616765730144455793e-01
8.960000000000000853e+00 7.522521353587507953e-01
8.980000000000000426e+00 7.297343324601650583e-01
9.000000000000000000e+00 7.145023135444149576e-01
9.019999999999999574e+00 7.027206795259378636e-01
9.040000000000000924e+00 7.123283523989841770e-01
9.060000000000000497e+00 7.028372592639178240e-01
9.080000000000000071e+00 6.979921271879225841e-01
9.099999999999999645e+00 6.741280899930744974e-01
9.120000000000000995e+00 6.624115782298147792e-01
9.140000000000000568e+00 6.695797859713434885e-01
9.160000000000000142e+00 6.528389485016464766e-01
9.179999999999999716e+00 6.359711550107225442e-01
9.200000000000001066e+00 6.439922994415275825e-01
9.220000000000000639e+00 6.153798826838843272e-01
9.240000000000000213e+00 6.093017798120156092e-01
9.259999999999999787e+00 6.033155519566498759e-01
9.279999999999999361e+00 5.985132002099416981e-01
9.300000000000000711e+00 5.804018378095701092e-01
9.320000000000000284e+00 5.906416950784623143e-01
9.339999999999999858e+00 5.688485623561777560e-01
9.359999999999999432e+00 5.573756239934823942e-01
9.380000000000000782e+00 5.481768690979108571e-01
9.400000000000000355e+00 5.534668768731877408e-01
9.419999999999999929e+00 5.413475219159387120e-01
9.439999999999999503e+00 5.234645862808451344e-01
9.460000000000000853e+00 5.289831644574646274e-01
9.480000000000000426e+00 5.124977073669433336e-01
9.500000000000000000e+00 5.174901572876610123e-01
9.519999999999999574e+00 5.040725896022282271e-01
9.540000000000000924e+00 5.090400975502096248e-01
9.560000000000000497e+00 4.881624742387793980e-01
9.580000000000000071e+00 4.716563319137320187e-01
9.599999999999999645e+00 4.849602823139168573e-01
9.620000000000000995e+00 4.703542897433973802e-01
9.640000000000000568e+00 4.609358066671993548e-01
9.660000000000000142e+00 4.435890997275709902e-01
9.679999999999999716e+00 4.582159495606087374e-01
9.700000000000001066e+00 4.445724352551158609e-01
9.720000000000000639e+00 4.318698608408216288e-01
9.740000000000000213e+00 4.303145312771201048e-01
9.759999999999999787e+00 4.206722609740681795e-01
9.779999999999999361e+00 4.246018271891400242e-01
9.800000000000000711e+00 4.153905150348320419e-01
9.820000000000000284e+00 4.025416194490622490e-01
9.839999999999999858e+00 4.038702940220013082e-01
9.859999999999999432e+00 3.960903648062143456e-01
9.880000000000000782e+00 3.961402802464086825e-01
9.900000000000000355e+00 3.823869880434591084e-01
9.919999999999999929e+00 3.806465501962229547e-01
9.939999999999999503e+00 3.777062889610416918e-01
9.960000000000000853e+00 3.732282903618179271e-01
9.980000000000000426e+00 3.594139159292913943e-01
1.000000000000000000e+01 3.503073028391227028e-01
