1.398902000000000001e+01 2.673827999999999960e+01 2.816216000000000008e+01 2.881276000000000082e+01 2.910266999999999982e+01 2.922402999999999906e+01 2.938638999999999868e+01 2.942856000000000094e+01 2.951332999999999984e+01 2.956168999999999869e+01 2.970451999999999870e+01 2.976277999999999935e+01 2.977573999999999899e+01 2.980302000000000007e+01 2.981437000000000026e+01 2.986158999999999963e+01 2.987115999999999971e+01 2.989513000000000176e+01 2.995290999999999926e+01 2.997982000000000014e+01 2.999913000000000096e+01
1.331850999999999985e+01 2.664132999999999996e+01 2.786804000000000059e+01 2.822449999999999903e+01 2.843222000000000094e+01 2.872760999999999854e+01 2.890650000000000119e+01 2.894185999999999837e+01 2.905960999999999927e+01 2.909009999999999962e+01 2.916433999999999926e+01 2.917551999999999879e+01 2.921900000000000119e+01 2.925828999999999880e+01 2.934127000000000152e+01 2.939179000000000030e+01 2.948917000000000144e+01 2.951717000000000013e+01 2.957801999999999865e+01 2.964190999999999931e+01 2.965036999999999878e+01
1.449607999999999919e+01 2.689194000000000173e+01 2.836958999999999875e+01 2.874703999999999837e+01 2.900899000000000072e+01 2.912855000000000061e+01 2.921249999999999858e+01 2.928014999999999901e+01 2.932239999999999824e+01 2.940791000000000111e+01 2.944849999999999923e+01 2.951302000000000092e+01 2.955966000000000093e+01 2.959318000000000026e+01 2.961188999999999893e+01 2.964640999999999948e+01 2.966311999999999927e+01 2.972496999999999900e+01 2.974089000000000027e+01 2.974597999999999942e+01 2.978086000000000055e+01
1.289520000000000088e+01 2.645989000000000146e+01 2.772659000000000162e+01 2.834477000000000046e+01 2.858518000000000114e+01 2.892873000000000161e+01 2.907006000000000157e+01 2.920504000000000033e+01 2.925110000000000099e+01 2.927886000000000166e+01 2.937041999999999931e+01 2.938263999999999854e+01 2.939298000000000144e+01 2.941933999999999827e+01 2.944303999999999988e+01 2.950310999999999950e+01 2.953147999999999840e+01 2.953404000000000096e+01 2.953688000000000002e+01 2.958530000000000015e+01 2.961466000000000065e+01
1.355733000000000033e+01 2.669134999999999991e+01 2.790756000000000014e+01 2.858429999999999893e+01 2.907716999999999885e+01 2.921202999999999861e+01 2.929598000000000013e+01 2.934609999999999985e+01 2.939992000000000161e+01 2.945249000000000095e+01 2.949568000000000012e+01 2.955462999999999951e+01 2.957528999999999897e+01 2.958649000000000129e+01 2.960786999999999836e+01 2.964739000000000146e+01 2.968218999999999852e+01 2.970482000000000156e+01 2.978002000000000038e+01 2.985923000000000016e+01 2.990895000000000081e+01
1.389559999999999995e+01 2.714439000000000135e+01 2.842583000000000126e+01 2.881000999999999834e+01 2.914327000000000112e+01 2.924036999999999864e+01 2.933653999999999940e+01 2.941337000000000046e+01 2.952056999999999931e+01 2.955745999999999896e+01 2.959045000000000059e+01 2.960073999999999828e+01 2.963957999999999871e+01 2.967755999999999972e+01 2.969663999999999859e+01 2.970130999999999943e+01 2.970745000000000147e+01 2.972659000000000162e+01 2.973678999999999917e+01 2.974925999999999959e+01 2.975283999999999907e+01
1.539911000000000030e+01 2.640662000000000020e+01 2.776358000000000104e+01 2.840487999999999857e+01 2.892114000000000118e+01 2.909832000000000107e+01 2.929782000000000153e+01 2.933052999999999955e+01 2.949093999999999838e+01 2.950103000000000009e+01 2.958889999999999887e+01 2.963181000000000154e+01 2.967248999999999981e+01 2.971440000000000126e+01 2.972218000000000160e+01 2.973330999999999946e+01 2.974776999999999916e+01 2.975453999999999866e+01 2.977514000000000038e+01 2.980212999999999823e+01 2.980600000000000094e+01
1.333275000000000077e+01 2.787002999999999986e+01 2.863449999999999918e+01 2.879217999999999833e+01 2.894617999999999824e+01 2.907556999999999903e+01 2.922006999999999977e+01 2.933367000000000147e+01 2.942341000000000051e+01 2.952598000000000056e+01 2.958457999999999899e+01 2.960075000000000145e+01 2.962064000000000163e+01 2.963873999999999853e+01 2.964825000000000088e+01 2.965708000000000055e+01 2.968361000000000161e+01 2.972692999999999941e+01 2.976317999999999842e+01 2.978322000000000003e+01 2.981689000000000078e+01
1.382366000000000028e+01 2.663282999999999845e+01 2.786541000000000068e+01 2.842724000000000117e+01 2.868941999999999837e+01 2.880409999999999826e+01 2.894435000000000002e+01 2.900863000000000014e+01 2.910663999999999874e+01 2.921219999999999928e+01 2.927168999999999954e+01 2.936289999999999978e+01 2.952701000000000064e+01 2.956484999999999985e+01 2.960640000000000072e+01 2.962603000000000009e+01 2.963211000000000084e+01 2.966647000000000034e+01 2.967540999999999940e+01 2.969689999999999941e+01 2.970266000000000162e+01
1.576698000000000022e+01 2.690791000000000111e+01 2.814039000000000001e+01 2.870341000000000165e+01 2.884538999999999831e+01 2.902204000000000050e+01 2.921678999999999959e+01 2.927136000000000138e+01 2.934065000000000012e+01 2.940540999999999983e+01 2.953847999999999985e+01 2.963324000000000069e+01 2.967464999999999975e+01 2.969209999999999994e+01 2.971612000000000009e+01 2.972379000000000104e+01 2.973779000000000039e+01 2.975245999999999924e+01 2.976424000000000092e+01 2.976460000000000150e+01 2.978099999999999881e+01
1.447710000000000008e+01 2.654075999999999880e+01 2.772131999999999863e+01 2.839214000000000127e+01 2.863440999999999903e+01 2.892284000000000077e+01 2.907841000000000165e+01 2.927565999999999846e+01 2.931475000000000009e+01 2.937271000000000143e+01 2.940949000000000169e+01 2.944597999999999871e+01 2.959084000000000003e+01 2.963924000000000092e+01 2.966146000000000171e+01 2.968368999999999858e+01 2.969556000000000040e+01 2.970966999999999913e+01 2.974782000000000082e+01 2.975668999999999897e+01 2.976643999999999934e+01
1.333295000000000030e+01 2.675470999999999933e+01 2.812777000000000172e+01 2.864197000000000060e+01 2.882150000000000034e+01 2.901681999999999917e+01 2.910127999999999915e+01 2.921512999999999849e+01 2.933720999999999890e+01 2.938859000000000066e+01 2.939470000000000027e+01 2.942949000000000126e+01 2.947159999999999869e+01 2.951270999999999844e+01 2.954249000000000080e+01 2.957832000000000150e+01 2.961708000000000141e+01 2.963627999999999929e+01 2.964033999999999835e+01 2.965324000000000026e+01 2.968319999999999936e+01
1.475306999999999924e+01 2.702063000000000059e+01 2.790801000000000087e+01 2.820623000000000147e+01 2.849234999999999829e+01 2.871243000000000123e+01 2.881531000000000020e+01 2.900168999999999997e+01 2.910403000000000162e+01 2.923713000000000051e+01 2.928752000000000066e+01 2.932308000000000092e+01 2.932991000000000170e+01 2.935852999999999824e+01 2.940288999999999930e+01 2.945681000000000083e+01 2.947729999999999961e+01 2.949667000000000172e+01 2.950824000000000069e+01 2.951856000000000080e+01 2.953318000000000154e+01
1.232990999999999993e+01 2.678776999999999830e+01 2.801946999999999832e+01 2.863719999999999999e+01 2.889722000000000079e+01 2.905141000000000062e+01 2.920497999999999905e+01 2.925994000000000028e+01 2.930068999999999946e+01 2.935275999999999996e+01 2.936726000000000170e+01 2.941122999999999976e+01 2.943992000000000075e+01 2.947995999999999839e+01 2.955796000000000134e+01 2.957200999999999880e+01 2.964679999999999893e+01 2.966409000000000162e+01 2.968643000000000143e+01 2.968929999999999936e+01 2.984359999999999857e+01
1.534810000000000052e+01 2.706384999999999863e+01 2.813648999999999845e+01 2.852338999999999913e+01 2.874982999999999933e+01 2.891546999999999912e+01 2.906437000000000026e+01 2.920949999999999847e+01 2.927092000000000027e+01 2.946264000000000038e+01 2.954403999999999897e+01 2.960830999999999946e+01 2.968804000000000087e+01 2.971078999999999937e+01 2.974621000000000137e+01 2.978522999999999854e+01 2.981131999999999849e+01 2.982798999999999978e+01 2.985171000000000063e+01 2.988366999999999862e+01 2.988834999999999908e+01
1.537683999999999962e+01 2.683933999999999997e+01 2.763750999999999891e+01 2.836821000000000126e+01 2.869177000000000177e+01 2.893419000000000096e+01 2.914908000000000143e+01 2.917209000000000074e+01 2.932198999999999955e+01 2.937107999999999919e+01 2.942398999999999987e+01 2.949083999999999861e+01 2.954335999999999984e+01 2.956711999999999918e+01 2.963710999999999984e+01 2.969633999999999929e+01 2.972760999999999854e+01 2.975828999999999880e+01 2.979177999999999926e+01 2.981222999999999956e+01 2.982705999999999946e+01
1.430218999999999951e+01 2.587899000000000171e+01 2.748708999999999847e+01 2.813522999999999996e+01 2.848113999999999990e+01 2.870374999999999943e+01 2.886482000000000170e+01 2.896955000000000169e+01 2.908405000000000129e+01 2.921067999999999998e+01 2.929880999999999958e+01 2.934037999999999968e+01 2.936026999999999987e+01 2.940591999999999828e+01 2.946601000000000070e+01 2.950360999999999834e+01 2.954555999999999827e+01 2.960100999999999871e+01 2.965589999999999904e+01 2.968763999999999825e+01 2.971030000000000015e+01
1.561464999999999925e+01 2.691584999999999894e+01 2.835084000000000160e+01 2.887640000000000029e+01 2.897741999999999862e+01 2.914161000000000001e+01 2.920153000000000176e+01 2.935178000000000154e+01 2.944065000000000154e+01 2.959061000000000163e+01 2.964851000000000170e+01 2.966677999999999926e+01 2.972271999999999892e+01 2.977614000000000161e+01 2.979523000000000010e+01 2.986218999999999824e+01 2.991189999999999927e+01 2.998329000000000022e+01 2.999055999999999855e+01 3.000444999999999851e+01 3.002958999999999889e+01
1.561402999999999963e+01 2.714680999999999855e+01 2.830821999999999861e+01 2.878792999999999935e+01 2.894968000000000075e+01 2.913162000000000162e+01 2.924960000000000093e+01 2.930330999999999975e+01 2.936739000000000033e+01 2.945146000000000086e+01 2.952439999999999998e+01 2.959122999999999948e+01 2.964246999999999943e+01 2.966536999999999935e+01 2.968954000000000093e+01 2.969863000000000142e+01 2.970994999999999919e+01 2.971465999999999852e+01 2.983361000000000018e+01 2.985460000000000136e+01 2.986308000000000007e+01
1.370565000000000033e+01 2.721531999999999840e+01 2.818752999999999886e+01 2.859489999999999910e+01 2.889903999999999940e+01 2.921854000000000084e+01 2.928255000000000052e+01 2.944473999999999947e+01 2.949445000000000050e+01 2.953075000000000117e+01 2.955471999999999966e+01 2.958837000000000117e+01 2.959456000000000131e+01 2.962989999999999924e+01 2.965180000000000149e+01 2.965847000000000122e+01 2.973263000000000034e+01 2.976114000000000104e+01 2.980007000000000161e+01 2.980977999999999994e+01 2.981341000000000108e+01
1.310285000000000011e+01 2.651848000000000027e+01 2.764463999999999899e+01 2.820602999999999838e+01 2.856963000000000008e+01 2.886852000000000018e+01 2.907078999999999880e+01 2.912826000000000093e+01 2.921153999999999940e+01 2.932109000000000165e+01 2.940071999999999974e+01 2.945213000000000036e+01 2.948388999999999882e+01 2.952788999999999930e+01 2.954339999999999833e+01 2.956110999999999933e+01 2.956786999999999921e+01 2.958716000000000079e+01 2.962272000000000105e+01 2.968946000000000041e+01 2.970326000000000022e+01
1.431453999999999915e+01 2.708858999999999995e+01 2.838629999999999853e+01 2.882297000000000153e+01 2.899867000000000061e+01 2.920616000000000057e+01 2.925809999999999889e+01 2.928488000000000113e+01 2.940493999999999986e+01 2.945122999999999891e+01 2.952562999999999960e+01 2.955265999999999948e+01 2.957525000000000048e+01 2.959757000000000104e+01 2.961170999999999864e+01 2.962831999999999866e+01 2.963529000000000124e+01 2.968790999999999869e+01 2.971142000000000039e+01 2.972567000000000093e+01 2.973978999999999928e+01
1.419217000000000084e+01 2.618489999999999895e+01 2.704799999999999827e+01 2.782239999999999824e+01 2.829189999999999827e+01 2.881073999999999913e+01 2.899229000000000056e+01 2.913872999999999891e+01 2.919322999999999979e+01 2.933634999999999948e+01 2.942464000000000013e+01 2.949387000000000114e+01 2.957329000000000008e+01 2.966017000000000081e+01 2.968328999999999951e+01 2.969834000000000174e+01 2.976088999999999984e+01 2.981346999999999881e+01 2.984287000000000134e+01 2.984954000000000107e+01 2.988606000000000051e+01
1.381666000000000061e+01 2.713320999999999827e+01 2.809949999999999903e+01 2.879350000000000165e+01 2.919864000000000104e+01 2.931088000000000093e+01 2.936152999999999835e+01 2.944932999999999979e+01 2.948435999999999879e+01 2.959781999999999869e+01 2.965078000000000102e+01 2.968759000000000015e+01 2.971086000000000027e+01 2.978844000000000136e+01 2.980092000000000141e+01 2.980938000000000088e+01 2.981463000000000108e+01 2.982982000000000156e+01 2.985670000000000002e+01 2.986986999999999881e+01 2.988730999999999938e+01
1.356192000000000064e+01 2.688751999999999853e+01 2.804588000000000036e+01 2.855957000000000079e+01 2.896696000000000026e+01 2.909981000000000151e+01 2.917269999999999897e+01 2.927977999999999881e+01 2.936282999999999888e+01 2.939230999999999838e+01 2.940876000000000090e+01 2.942651000000000039e+01 2.944249999999999901e+01 2.953725000000000023e+01 2.957589000000000112e+01 2.958527000000000129e+01 2.960628000000000171e+01 2.965890999999999877e+01 2.971236000000000033e+01 2.971867999999999910e+01 2.973680999999999841e+01
1.372643000000000058e+01 2.684123999999999910e+01 2.817229999999999990e+01 2.853244000000000113e+01 2.867441000000000173e+01 2.875581000000000031e+01 2.894917999999999836e+01 2.909949999999999903e+01 2.918789999999999907e+01 2.927720000000000056e+01 2.932871000000000095e+01 2.935634999999999906e+01 2.938241000000000014e+01 2.938800000000000168e+01 2.941287000000000162e+01 2.946193999999999846e+01 2.947469999999999857e+01 2.951813999999999893e+01 2.953409999999999869e+01 2.955384000000000100e+01 2.958775999999999939e+01
1.349310000000000009e+01 2.693029999999999902e+01 2.810645999999999844e+01 2.842790000000000106e+01 2.867107999999999990e+01 2.889360999999999891e+01 2.894619000000000142e+01 2.907724999999999937e+01 2.920730000000000004e+01 2.927058999999999855e+01 2.927649999999999864e+01 2.932607000000000141e+01 2.941594999999999871e+01 2.948022999999999882e+01 2.949812999999999974e+01 2.952333000000000141e+01 2.956636999999999915e+01 2.962158000000000158e+01 2.971644999999999825e+01 2.974145000000000039e+01 2.975845999999999947e+01
1.408773000000000053e+01 2.721087999999999951e+01 2.803541999999999845e+01 2.869453000000000031e+01 2.896303999999999945e+01 2.920793000000000106e+01 2.933456999999999937e+01 2.949257000000000062e+01 2.959048999999999907e+01 2.964607000000000170e+01 2.967903000000000091e+01 2.969066000000000116e+01 2.971993000000000151e+01 2.974195999999999884e+01 2.977931999999999846e+01 2.980668999999999969e+01 2.981614000000000075e+01 2.981812000000000040e+01 2.982368999999999915e+01 2.982697999999999894e+01 2.982929000000000030e+01
1.490484999999999971e+01 2.664358000000000004e+01 2.823905999999999850e+01 2.875825999999999993e+01 2.906511000000000067e+01 2.921618000000000137e+01 2.939452999999999960e+01 2.951050000000000040e+01 2.958620000000000161e+01 2.963185999999999964e+01 2.967698000000000036e+01 2.971424000000000021e+01 2.974276000000000053e+01 2.976698999999999984e+01 2.979842000000000013e+01 2.982112000000000052e+01 2.982929000000000030e+01 2.984212000000000131e+01 2.985842999999999847e+01 2.986976999999999904e+01 2.988188999999999851e+01
1.454363999999999990e+01 2.719964999999999833e+01 2.835857999999999990e+01 2.877803000000000111e+01 2.915972000000000008e+01 2.942272000000000176e+01 2.954076999999999842e+01 2.959495000000000076e+01 2.963319999999999865e+01 2.968882999999999939e+01 2.978406999999999982e+01 2.988444000000000145e+01 2.991319000000000017e+01 2.995010999999999868e+01 2.995924000000000120e+01 2.997798999999999836e+01 2.999183000000000021e+01 2.999528000000000105e+01 3.000893999999999906e+01 3.001623999999999981e+01 3.002145000000000152e+01
1.545024000000000086e+01 2.704176000000000002e+01 2.807262000000000057e+01 2.873750000000000071e+01 2.924859999999999971e+01 2.933644999999999925e+01 2.937563000000000102e+01 2.943002999999999858e+01 2.949671000000000021e+01 2.950475000000000136e+01 2.953932999999999964e+01 2.958931000000000111e+01 2.961736000000000146e+01 2.966035000000000110e+01 2.972258000000000067e+01 2.976525000000000176e+01 2.980019000000000062e+01 2.981904000000000110e+01 2.985469000000000150e+01 2.988216999999999857e+01 2.989996999999999971e+01
1.300444000000000067e+01 2.620448999999999984e+01 2.801897999999999911e+01 2.865930000000000177e+01 2.887968000000000046e+01 2.913023000000000096e+01 2.926707999999999998e+01 2.931700999999999979e+01 2.933552999999999855e+01 2.938359000000000165e+01 2.940906999999999982e+01 2.943226999999999904e+01 2.943971000000000160e+01 2.954980000000000118e+01 2.960716999999999999e+01 2.964751000000000047e+01 2.967509000000000086e+01 2.968738000000000099e+01 2.971083000000000141e+01 2.972843999999999909e+01 2.973669999999999902e+01
1.520804000000000045e+01 2.695833999999999975e+01 2.814695000000000036e+01 2.870389000000000124e+01 2.896397999999999939e+01 2.918218999999999852e+01 2.925729000000000113e+01 2.930249999999999844e+01 2.934307000000000087e+01 2.945918999999999954e+01 2.950234000000000023e+01 2.961420999999999992e+01 2.969827000000000083e+01 2.976610000000000156e+01 2.977740999999999971e+01 2.978788000000000125e+01 2.981474000000000046e+01 2.983068000000000097e+01 2.985420999999999836e+01 2.988599999999999923e+01 2.989977000000000018e+01
1.377923999999999971e+01 2.675281000000000020e+01 2.790033000000000030e+01 2.867488000000000170e+01 2.882060999999999851e+01 2.897917999999999950e+01 2.918001999999999896e+01 2.930950999999999951e+01 2.946189000000000036e+01 2.957886999999999844e+01 2.962672999999999845e+01 2.977853999999999957e+01 2.980540999999999840e+01 2.984510999999999825e+01 2.984934000000000154e+01 2.987742000000000075e+01 2.989277999999999835e+01 2.989846000000000004e+01 2.992435000000000045e+01 3.000397999999999854e+01 3.000469999999999970e+01
1.372633000000000081e+01 2.662322999999999951e+01 2.813670000000000115e+01 2.850327000000000055e+01 2.875800999999999874e+01 2.895360000000000156e+01 2.910714000000000112e+01 2.924626999999999910e+01 2.938089000000000084e+01 2.944818000000000069e+01 2.947826999999999842e+01 2.952079000000000164e+01 2.955756999999999834e+01 2.959725999999999857e+01 2.964271000000000100e+01 2.967429999999999879e+01 2.970026999999999973e+01 2.973163999999999874e+01 2.979279999999999973e+01 2.998239999999999839e+01 2.999605999999999995e+01
1.602195000000000036e+01 2.788159999999999883e+01 2.852704999999999913e+01 2.881881999999999877e+01 2.914251000000000147e+01 2.932066000000000017e+01 2.941454999999999842e+01 2.948710000000000164e+01 2.959688999999999837e+01 2.963813000000000031e+01 2.972295000000000087e+01 2.974999000000000038e+01 2.977730999999999995e+01 2.982854999999999990e+01 2.983739999999999881e+01 2.983755000000000024e+01 2.985822999999999894e+01 2.989651999999999887e+01 2.992587999999999937e+01 2.993950999999999851e+01 2.996042999999999878e+01
1.384652999999999956e+01 2.646995000000000076e+01 2.759597000000000122e+01 2.834851000000000099e+01 2.872429999999999950e+01 2.893402000000000029e+01 2.906487999999999872e+01 2.912002999999999986e+01 2.925598000000000098e+01 2.930805000000000149e+01 2.933798000000000172e+01 2.940841999999999956e+01 2.941863000000000028e+01 2.947392999999999930e+01 2.950875999999999877e+01 2.953183999999999898e+01 2.956046999999999869e+01 2.958577999999999975e+01 2.962609000000000137e+01 2.964572000000000074e+01 2.965425000000000111e+01
1.365490999999999921e+01 2.648761999999999972e+01 2.768140999999999963e+01 2.852605000000000146e+01 2.894238000000000000e+01 2.911316000000000059e+01 2.924782000000000082e+01 2.932414999999999949e+01 2.935745000000000005e+01 2.938701000000000008e+01 2.940699000000000041e+01 2.943440000000000012e+01 2.945730000000000004e+01 2.946674000000000149e+01 2.949590999999999852e+01 2.951138999999999868e+01 2.951988000000000056e+01 2.955224000000000117e+01 2.957526999999999973e+01 2.958650000000000091e+01 2.959380000000000166e+01
1.465977999999999959e+01 2.703078000000000003e+01 2.804999000000000109e+01 2.842256000000000071e+01 2.884705999999999904e+01 2.897985999999999862e+01 2.908165999999999940e+01 2.916814000000000107e+01 2.926360999999999990e+01 2.929476999999999975e+01 2.931972999999999985e+01 2.939726999999999890e+01 2.944366000000000128e+01 2.947229000000000099e+01 2.950377999999999901e+01 2.956787999999999883e+01 2.958344999999999914e+01 2.959328000000000003e+01 2.965052999999999983e+01 2.967100999999999900e+01 2.967238000000000042e+01
1.339508999999999972e+01 2.667250999999999905e+01 2.776779000000000153e+01 2.841610000000000014e+01 2.872252999999999901e+01 2.892743000000000109e+01 2.901164999999999949e+01 2.907760999999999996e+01 2.914920000000000044e+01 2.925140000000000029e+01 2.929663000000000039e+01 2.932250000000000156e+01 2.933552999999999855e+01 2.938200000000000145e+01 2.942734000000000094e+01 2.950619999999999976e+01 2.953658000000000072e+01 2.959252000000000038e+01 2.960286999999999935e+01 2.962546999999999997e+01 2.968077999999999861e+01
1.457044999999999924e+01 2.723082000000000136e+01 2.815131999999999834e+01 2.860745000000000005e+01 2.891182999999999836e+01 2.905432000000000059e+01 2.915531000000000006e+01 2.919114000000000075e+01 2.922616999999999976e+01 2.940150999999999826e+01 2.947932000000000130e+01 2.952295000000000158e+01 2.954354999999999976e+01 2.960544000000000153e+01 2.962849999999999895e+01 2.966387999999999892e+01 2.971633999999999887e+01 2.978491999999999962e+01 2.980762999999999963e+01 2.981003000000000114e+01 2.982344000000000150e+01
1.429115999999999964e+01 2.716631999999999891e+01 2.793574999999999875e+01 2.845711000000000013e+01 2.866166000000000125e+01 2.875869000000000142e+01 2.888426000000000116e+01 2.899398000000000053e+01 2.904185999999999979e+01 2.910746999999999929e+01 2.918280000000000030e+01 2.920282999999999873e+01 2.923057000000000016e+01 2.927043000000000106e+01 2.933079999999999998e+01 2.935771000000000086e+01 2.940857000000000099e+01 2.946000000000000085e+01 2.949333999999999989e+01 2.951587999999999923e+01 2.952446000000000126e+01
1.304175000000000040e+01 2.676042999999999950e+01 2.789348999999999990e+01 2.848567999999999856e+01 2.888557000000000130e+01 2.908271999999999835e+01 2.917110999999999876e+01 2.926395000000000124e+01 2.930425999999999931e+01 2.934468000000000032e+01 2.941178000000000026e+01 2.945172000000000168e+01 2.953355000000000175e+01 2.955409999999999826e+01 2.958751000000000175e+01 2.962075000000000102e+01 2.963232999999999961e+01 2.963964999999999961e+01 2.965471000000000146e+01 2.967508000000000123e+01 2.970258000000000109e+01
1.510188999999999915e+01 2.697177999999999898e+01 2.789389999999999858e+01 2.854549000000000092e+01 2.887493999999999872e+01 2.910203999999999880e+01 2.918381000000000114e+01 2.923937000000000097e+01 2.937220999999999904e+01 2.942197000000000173e+01 2.946153999999999940e+01 2.957942999999999856e+01 2.959742999999999924e+01 2.967456999999999923e+01 2.973496000000000095e+01 2.976380999999999943e+01 2.980280000000000129e+01 2.982269000000000148e+01 2.983632000000000062e+01 2.984028999999999954e+01 2.986639999999999873e+01
1.465672999999999959e+01 2.696098999999999890e+01 2.852468999999999966e+01 2.901025999999999883e+01 2.920272999999999897e+01 2.933970000000000056e+01 2.950150000000000006e+01 2.959891000000000005e+01 2.966639999999999944e+01 2.974864000000000175e+01 2.978719999999999857e+01 2.984053000000000111e+01 2.988808999999999827e+01 2.992930000000000135e+01 2.995019999999999882e+01 2.996155999999999864e+01 2.999560999999999922e+01 3.002539000000000158e+01 3.004925000000000068e+01 3.006465999999999994e+01 3.006689000000000078e+01
1.313260999999999967e+01 2.651161000000000101e+01 2.750043000000000148e+01 2.827025000000000077e+01 2.852842000000000056e+01 2.876397000000000048e+01 2.892424000000000106e+01 2.899739999999999895e+01 2.902930999999999884e+01 2.919241999999999848e+01 2.931186999999999898e+01 2.936494000000000071e+01 2.943208999999999875e+01 2.947829000000000121e+01 2.954464000000000112e+01 2.957532000000000139e+01 2.958803999999999945e+01 2.964068999999999932e+01 2.965731999999999857e+01 2.967098999999999975e+01 2.970937999999999946e+01
1.402138000000000062e+01 2.710395000000000110e+01 2.829555999999999827e+01 2.867599999999999838e+01 2.891395999999999944e+01 2.907957000000000036e+01 2.922540000000000049e+01 2.927471999999999852e+01 2.933077000000000112e+01 2.938623000000000118e+01 2.943775000000000119e+01 2.948364000000000118e+01 2.953473999999999933e+01 2.954251999999999967e+01 2.957848999999999862e+01 2.958774000000000015e+01 2.959253999999999962e+01 2.961133999999999844e+01 2.962811999999999912e+01 2.964727999999999852e+01 2.966773999999999845e+01
1.270851000000000042e+01 2.672837000000000174e+01 2.796525000000000105e+01 2.866426999999999836e+01 2.900257999999999825e+01 2.912412000000000134e+01 2.927127000000000123e+01 2.936711999999999989e+01 2.944303999999999988e+01 2.953059000000000012e+01 2.958120999999999867e+01 2.963128000000000029e+01 2.968329999999999913e+01 2.971895999999999916e+01 2.975842000000000098e+01 2.977259000000000100e+01 2.977639999999999887e+01 2.978660999999999959e+01 2.980016000000000176e+01 2.981599999999999895e+01 2.982621999999999929e+01
1.350337999999999994e+01 2.678812999999999889e+01 2.792576000000000036e+01 2.820739999999999981e+01 2.863027999999999906e+01 2.903347000000000122e+01 2.930308000000000135e+01 2.944523999999999830e+01 2.949862999999999857e+01 2.955506000000000100e+01 2.957974000000000103e+01 2.964048000000000016e+01 2.973402000000000100e+01 2.975957999999999970e+01 2.978650999999999982e+01 2.980327000000000126e+01 2.981205999999999889e+01 2.983408000000000015e+01 2.984982000000000113e+01 2.987991999999999848e+01 2.989703000000000088e+01
1.282770999999999972e+01 2.671928000000000125e+01 2.779775000000000063e+01 2.823341999999999885e+01 2.860162000000000049e+01 2.880857999999999919e+01 2.892244000000000170e+01 2.901886000000000010e+01 2.919478000000000151e+01 2.930799000000000021e+01 2.943114999999999881e+01 2.948583999999999961e+01 2.951070999999999955e+01 2.957552000000000092e+01 2.963275000000000148e+01 2.975867999999999824e+01 2.981149999999999878e+01 2.982335000000000136e+01 2.988372000000000028e+01 2.988561999999999941e+01 2.989990999999999843e+01
1.367205000000000048e+01 2.654034000000000049e+01 2.768326000000000064e+01 2.842073999999999856e+01 2.867421999999999827e+01 2.877392000000000039e+01 2.889602999999999966e+01 2.902213000000000065e+01 2.906024000000000029e+01 2.922234999999999872e+01 2.934584999999999866e+01 2.949837000000000131e+01 2.953875000000000028e+01 2.955877999999999872e+01 2.962979999999999947e+01 2.965753000000000128e+01 2.969787000000000177e+01 2.970281999999999911e+01 2.972214999999999918e+01 2.973010000000000019e+01 2.979213999999999984e+01
1.278973000000000049e+01 2.665847000000000122e+01 2.793293999999999855e+01 2.867695000000000149e+01 2.886165000000000092e+01 2.895722999999999914e+01 2.905012999999999934e+01 2.910161000000000087e+01 2.917254000000000147e+01 2.927353000000000094e+01 2.930704000000000065e+01 2.938400000000000034e+01 2.943066999999999922e+01 2.951604000000000028e+01 2.956661000000000072e+01 2.961618999999999957e+01 2.963871999999999929e+01 2.973524000000000100e+01 2.975729000000000113e+01 2.976457999999999871e+01 2.976507000000000147e+01
1.296795999999999971e+01 2.660305999999999926e+01 2.794865000000000066e+01 2.859139000000000053e+01 2.892580999999999847e+01 2.917245000000000132e+01 2.934551000000000087e+01 2.945356999999999914e+01 2.951278999999999897e+01 2.957377999999999929e+01 2.961391000000000062e+01 2.963673999999999964e+01 2.966883999999999943e+01 2.968267000000000166e+01 2.970231000000000066e+01 2.973168000000000077e+01 2.977305000000000135e+01 2.978553000000000139e+01 2.982112000000000052e+01 2.983296999999999954e+01 2.985948000000000135e+01
1.428001000000000076e+01 2.662265000000000015e+01 2.799308999999999870e+01 2.844149000000000171e+01 2.871191999999999922e+01 2.884196000000000026e+01 2.893826999999999927e+01 2.907087999999999894e+01 2.925853999999999999e+01 2.936903999999999826e+01 2.945910999999999902e+01 2.955432000000000059e+01 2.958390999999999948e+01 2.965155000000000030e+01 2.967057000000000144e+01 2.968077999999999861e+01 2.968708000000000169e+01 2.972546000000000177e+01 2.974232999999999905e+01 2.978584000000000032e+01 2.981760999999999839e+01
1.554518000000000022e+01 2.725656999999999996e+01 2.832002999999999915e+01 2.860632000000000019e+01 2.881483000000000061e+01 2.890951000000000093e+01 2.908770000000000167e+01 2.917827000000000126e+01 2.929832999999999998e+01 2.935966000000000165e+01 2.939358000000000004e+01 2.949997000000000114e+01 2.956311000000000178e+01 2.957818999999999932e+01 2.960923999999999978e+01 2.962515000000000143e+01 2.964302999999999955e+01 2.965533999999999892e+01 2.966501999999999839e+01 2.969837000000000060e+01 2.971379999999999910e+01
1.336429000000000045e+01 2.685325999999999880e+01 2.802501000000000175e+01 2.839880000000000138e+01 2.860734000000000066e+01 2.884704999999999941e+01 2.891047999999999973e+01 2.897061000000000064e+01 2.903099999999999881e+01 2.906972999999999985e+01 2.918224999999999980e+01 2.924799000000000149e+01 2.928823999999999828e+01 2.938429999999999964e+01 2.939270000000000138e+01 2.945283999999999835e+01 2.949067000000000149e+01 2.953131000000000128e+01 2.957583999999999946e+01 2.960541999999999874e+01 2.961232000000000042e+01
1.287185999999999986e+01 2.625628000000000029e+01 2.789219999999999899e+01 2.841103999999999985e+01 2.878743000000000052e+01 2.899868999999999986e+01 2.913812000000000069e+01 2.926575000000000060e+01 2.928733000000000075e+01 2.936477000000000004e+01 2.944133000000000067e+01 2.947924000000000078e+01 2.955545000000000044e+01 2.959727000000000174e+01 2.962966000000000122e+01 2.963925000000000054e+01 2.965399999999999991e+01 2.966739000000000104e+01 2.969354999999999833e+01 2.971728999999999843e+01 2.973367000000000004e+01
1.343674999999999997e+01 2.668203000000000102e+01 2.793302999999999869e+01 2.889045000000000130e+01 2.904442999999999842e+01 2.928362999999999872e+01 2.942764000000000024e+01 2.948546999999999940e+01 2.954985999999999891e+01 2.962478000000000122e+01 2.965706000000000131e+01 2.970465000000000089e+01 2.971134999999999948e+01 2.972744000000000142e+01 2.977814000000000050e+01 2.979943000000000097e+01 2.982001999999999953e+01 2.986624000000000123e+01 2.987239999999999895e+01 2.988423999999999836e+01 2.988905000000000101e+01
1.461861000000000033e+01 2.692824999999999847e+01 2.786684999999999945e+01 2.833953999999999951e+01 2.878584999999999994e+01 2.890755000000000052e+01 2.899492000000000047e+01 2.908718000000000004e+01 2.919783999999999935e+01 2.923629999999999995e+01 2.928641000000000005e+01 2.937925999999999860e+01 2.942682999999999893e+01 2.945780999999999850e+01 2.951523999999999859e+01 2.959789999999999921e+01 2.963040000000000163e+01 2.968281999999999954e+01 2.969791999999999987e+01 2.971548999999999907e+01 2.974003000000000085e+01
1.468257000000000012e+01 2.738770999999999844e+01 2.857279000000000124e+01 2.885523999999999845e+01 2.901542999999999850e+01 2.917540999999999940e+01 2.934254999999999924e+01 2.946624999999999872e+01 2.948856999999999928e+01 2.952847999999999828e+01 2.954346999999999923e+01 2.966885999999999868e+01 2.970801000000000158e+01 2.977105999999999852e+01 2.978287999999999869e+01 2.983884000000000114e+01 2.987690999999999875e+01 2.990325999999999951e+01 2.990605000000000047e+01 2.992109999999999914e+01 2.994135999999999953e+01
1.497861999999999938e+01 2.706800000000000139e+01 2.775879000000000119e+01 2.858320000000000149e+01 2.879474000000000089e+01 2.895456000000000074e+01 2.910203999999999880e+01 2.918218999999999852e+01 2.940716000000000108e+01 2.947588999999999970e+01 2.957509999999999906e+01 2.963224999999999909e+01 2.964504000000000161e+01 2.967313000000000045e+01 2.969463000000000008e+01 2.973913999999999902e+01 2.976859999999999928e+01 2.978243000000000151e+01 2.981627999999999901e+01 2.982764999999999844e+01 2.984940999999999889e+01
1.503256999999999977e+01 2.649947999999999837e+01 2.768732999999999933e+01 2.855430000000000135e+01 2.869832999999999856e+01 2.898134999999999906e+01 2.912067000000000050e+01 2.920799999999999841e+01 2.926678000000000068e+01 2.931906999999999996e+01 2.939703000000000088e+01 2.947513000000000005e+01 2.951448999999999856e+01 2.958802000000000021e+01 2.963692999999999955e+01 2.970074999999999932e+01 2.971803999999999846e+01 2.974264000000000152e+01 2.977154000000000167e+01 2.978618000000000166e+01 2.979757999999999996e+01
1.487106999999999957e+01 2.641378999999999877e+01 2.788742999999999839e+01 2.848591000000000051e+01 2.879798999999999864e+01 2.902064999999999984e+01 2.918339999999999890e+01 2.946639000000000053e+01 2.955380999999999858e+01 2.958682999999999907e+01 2.963036999999999921e+01 2.968744999999999834e+01 2.972613000000000127e+01 2.974981999999999971e+01 2.976923999999999992e+01 2.980992000000000175e+01 2.983894000000000091e+01 2.985067000000000093e+01 2.985464999999999947e+01 2.986664000000000030e+01 2.988297999999999988e+01
1.437884999999999991e+01 2.684164000000000172e+01 2.776423000000000130e+01 2.833254000000000161e+01 2.871694000000000102e+01 2.906560999999999950e+01 2.911746000000000123e+01 2.921432000000000073e+01 2.926875000000000071e+01 2.932449000000000083e+01 2.936907000000000068e+01 2.944181999999999988e+01 2.946677000000000035e+01 2.950155000000000172e+01 2.955930000000000035e+01 2.965797999999999845e+01 2.967629000000000161e+01 2.969851999999999848e+01 2.970816999999999908e+01 2.975480999999999909e+01 2.984998999999999825e+01
1.463812000000000069e+01 2.692091999999999885e+01 2.808078000000000074e+01 2.854779999999999873e+01 2.895673000000000030e+01 2.906341000000000108e+01 2.921398999999999901e+01 2.933034999999999926e+01 2.948187000000000069e+01 2.952300999999999931e+01 2.958643999999999963e+01 2.961111999999999966e+01 2.965822999999999965e+01 2.968188999999999922e+01 2.969373999999999825e+01 2.970432999999999879e+01 2.974367000000000161e+01 2.977324000000000126e+01 2.978311000000000064e+01 2.978924999999999912e+01 2.979141999999999868e+01
1.404944000000000059e+01 2.737272000000000105e+01 2.817798000000000158e+01 2.855461000000000027e+01 2.872850999999999999e+01 2.891852000000000089e+01 2.907144999999999868e+01 2.912211999999999890e+01 2.926362999999999914e+01 2.930013999999999896e+01 2.935698000000000008e+01 2.946180000000000021e+01 2.950166000000000111e+01 2.951250999999999891e+01 2.952345000000000041e+01 2.961077999999999832e+01 2.962226000000000070e+01 2.963332000000000122e+01 2.967679000000000045e+01 2.976246000000000080e+01 2.978547999999999973e+01
1.405340999999999951e+01 2.709337999999999980e+01 2.816263000000000005e+01 2.860037000000000162e+01 2.883624000000000009e+01 2.907187000000000054e+01 2.920117000000000118e+01 2.934692000000000078e+01 2.942444000000000059e+01 2.950891000000000020e+01 2.954590999999999923e+01 2.958531999999999940e+01 2.959513000000000105e+01 2.962468000000000146e+01 2.965522999999999954e+01 2.968352000000000146e+01 2.968883999999999901e+01 2.970361000000000118e+01 2.970677999999999841e+01 2.973305999999999827e+01 2.973404999999999987e+01
1.296962000000000081e+01 2.691113999999999962e+01 2.771235000000000070e+01 2.819882000000000133e+01 2.853212999999999866e+01 2.873171999999999926e+01 2.886034000000000077e+01 2.894968000000000075e+01 2.908026999999999873e+01 2.921246000000000009e+01 2.932999999999999829e+01 2.937217000000000056e+01 2.937892000000000081e+01 2.942126999999999981e+01 2.942999999999999972e+01 2.944232999999999834e+01 2.946467000000000169e+01 2.946675000000000111e+01 2.949181000000000097e+01 2.950439000000000078e+01 2.954198999999999842e+01
1.419387000000000043e+01 2.645400000000000063e+01 2.788877000000000095e+01 2.844067000000000078e+01 2.871206000000000103e+01 2.886789999999999878e+01 2.892008999999999830e+01 2.898204000000000136e+01 2.904000999999999877e+01 2.911345999999999989e+01 2.929588000000000036e+01 2.932999999999999829e+01 2.934964000000000084e+01 2.941028000000000020e+01 2.950205000000000055e+01 2.954053000000000040e+01 2.958274000000000115e+01 2.960388000000000019e+01 2.961140999999999934e+01 2.964551000000000158e+01 2.968939999999999912e+01
1.418153000000000041e+01 2.666684000000000054e+01 2.796356000000000108e+01 2.860137999999999892e+01 2.884299999999999997e+01 2.906585000000000107e+01 2.930861000000000161e+01 2.950449000000000055e+01 2.956829000000000107e+01 2.963259000000000043e+01 2.973443999999999932e+01 2.976437999999999917e+01 2.978567999999999927e+01 2.980092000000000141e+01 2.982369999999999877e+01 2.983949000000000140e+01 2.985452000000000083e+01 2.988006000000000029e+01 2.992509000000000086e+01 2.994268999999999892e+01 2.995756000000000085e+01
1.199258999999999986e+01 2.619489000000000090e+01 2.767912000000000106e+01 2.808299999999999841e+01 2.844865000000000066e+01 2.875983000000000089e+01 2.894179000000000102e+01 2.911647999999999925e+01 2.919172999999999973e+01 2.924374999999999858e+01 2.929932000000000158e+01 2.932742000000000004e+01 2.934440000000000026e+01 2.937928000000000139e+01 2.942098000000000013e+01 2.942142000000000124e+01 2.943054000000000059e+01 2.946837000000000018e+01 2.950176000000000087e+01 2.952761999999999887e+01 2.956480000000000175e+01
1.402505999999999986e+01 2.655743999999999971e+01 2.764686999999999983e+01 2.820294000000000167e+01 2.855416999999999916e+01 2.871649999999999991e+01 2.900531000000000148e+01 2.906989000000000090e+01 2.932769000000000048e+01 2.940007999999999910e+01 2.953282000000000096e+01 2.956175999999999959e+01 2.961214000000000013e+01 2.965812999999999988e+01 2.967212999999999923e+01 2.967866000000000071e+01 2.971528999999999954e+01 2.976286999999999949e+01 2.976959000000000088e+01 2.977437000000000111e+01 2.978442000000000078e+01
1.425525999999999982e+01 2.652540000000000120e+01 2.766794000000000153e+01 2.839435999999999893e+01 2.886884999999999835e+01 2.901871999999999829e+01 2.918131999999999948e+01 2.922985999999999862e+01 2.926700999999999908e+01 2.931692999999999927e+01 2.933990999999999971e+01 2.936173000000000144e+01 2.943188999999999922e+01 2.947398000000000096e+01 2.949690999999999974e+01 2.951370999999999967e+01 2.953668000000000049e+01 2.957088999999999857e+01 2.967034999999999911e+01 2.970281999999999911e+01 2.971561000000000163e+01
1.380028000000000077e+01 2.751051000000000002e+01 2.844416999999999973e+01 2.885500000000000043e+01 2.902068999999999832e+01 2.918075999999999937e+01 2.922366999999999848e+01 2.931231999999999971e+01 2.935699999999999932e+01 2.956499000000000166e+01 2.958499000000000123e+01 2.960451000000000121e+01 2.961730999999999980e+01 2.962508000000000052e+01 2.965022000000000091e+01 2.966083000000000069e+01 2.966750000000000043e+01 2.968477999999999994e+01 2.970217999999999847e+01 2.972035999999999945e+01 2.975262999999999991e+01
1.310064999999999991e+01 2.708134000000000086e+01 2.786778999999999940e+01 2.837143000000000015e+01 2.869554000000000116e+01 2.897186999999999912e+01 2.909444999999999837e+01 2.926264000000000109e+01 2.929489999999999839e+01 2.942190000000000083e+01 2.944578999999999880e+01 2.951540999999999926e+01 2.953408999999999907e+01 2.954582999999999871e+01 2.955822999999999823e+01 2.958257000000000048e+01 2.963160999999999845e+01 2.963672000000000040e+01 2.970550000000000068e+01 2.977476000000000056e+01 2.978787000000000162e+01
1.494453000000000031e+01 2.719723000000000113e+01 2.806863999999999848e+01 2.856670000000000087e+01 2.915205999999999875e+01 2.930843000000000131e+01 2.934754999999999825e+01 2.939765999999999835e+01 2.943918000000000035e+01 2.946205000000000140e+01 2.950391000000000119e+01 2.953332999999999942e+01 2.953855000000000075e+01 2.956243999999999872e+01 2.960013999999999967e+01 2.960248999999999953e+01 2.960647000000000162e+01 2.964714999999999989e+01 2.967283000000000115e+01 2.969151000000000096e+01 2.973899000000000115e+01
1.549872000000000050e+01 2.725898000000000110e+01 2.813213000000000008e+01 2.850976999999999961e+01 2.876295999999999964e+01 2.891857999999999862e+01 2.906981999999999999e+01 2.926528000000000063e+01 2.934629999999999939e+01 2.939624999999999844e+01 2.949440999999999846e+01 2.953393000000000157e+01 2.955336000000000141e+01 2.957563999999999993e+01 2.965808000000000177e+01 2.981050000000000111e+01 2.983284000000000091e+01 2.985900000000000176e+01 2.990538000000000096e+01 2.993395999999999901e+01 3.000546999999999898e+01
1.449356000000000044e+01 2.711185000000000045e+01 2.814949000000000012e+01 2.890208000000000155e+01 2.902730999999999995e+01 2.914714000000000027e+01 2.916572999999999993e+01 2.919153999999999982e+01 2.922708000000000084e+01 2.926272000000000162e+01 2.928154999999999930e+01 2.933887000000000000e+01 2.938682000000000016e+01 2.940417000000000058e+01 2.943612999999999857e+01 2.946483999999999881e+01 2.949242999999999881e+01 2.952073999999999998e+01 2.956374999999999886e+01 2.956805999999999912e+01 2.960750000000000171e+01
1.436123000000000083e+01 2.691428000000000154e+01 2.787321999999999989e+01 2.834206000000000003e+01 2.879623000000000133e+01 2.905909000000000120e+01 2.929234999999999900e+01 2.940543999999999869e+01 2.951633999999999958e+01 2.959321999999999875e+01 2.965319999999999823e+01 2.966398999999999830e+01 2.969238000000000000e+01 2.972159999999999869e+01 2.977052000000000120e+01 2.978813999999999851e+01 2.980350999999999928e+01 2.981381000000000014e+01 2.982163999999999859e+01 2.982957999999999998e+01 2.987380999999999887e+01
1.357328000000000046e+01 2.656576000000000093e+01 2.807805000000000106e+01 2.840318999999999861e+01 2.868588000000000093e+01 2.886175000000000068e+01 2.907208999999999932e+01 2.920682000000000045e+01 2.925882999999999967e+01 2.936961000000000155e+01 2.947982000000000014e+01 2.959157000000000082e+01 2.961752999999999858e+01 2.962005999999999872e+01 2.963228000000000151e+01 2.967799000000000120e+01 2.974316999999999922e+01 2.979247000000000156e+01 2.983335999999999899e+01 2.984958999999999918e+01 2.990222999999999942e+01
1.424161999999999928e+01 2.695214999999999961e+01 2.807894999999999897e+01 2.862483999999999895e+01 2.901297999999999888e+01 2.916341999999999857e+01 2.930986000000000047e+01 2.938250999999999991e+01 2.946305999999999869e+01 2.952633000000000152e+01 2.955073000000000150e+01 2.957586999999999833e+01 2.959302999999999884e+01 2.965652000000000044e+01 2.967425000000000068e+01 2.968881000000000014e+01 2.971936000000000178e+01 2.976785999999999888e+01 2.977831000000000117e+01 2.978357000000000099e+01 2.979647999999999897e+01
1.412639000000000067e+01 2.690753000000000128e+01 2.805807000000000073e+01 2.865358000000000160e+01 2.885410999999999859e+01 2.892352999999999952e+01 2.913935000000000031e+01 2.922080000000000055e+01 2.929053000000000040e+01 2.938900999999999897e+01 2.946073000000000164e+01 2.948276999999999859e+01 2.957648000000000010e+01 2.961713999999999913e+01 2.963175999999999988e+01 2.965441999999999823e+01 2.971619000000000099e+01 2.972504999999999953e+01 2.973839999999999861e+01 2.975156000000000134e+01 2.978344999999999843e+01
1.470041999999999938e+01 2.685060999999999964e+01 2.800292999999999921e+01 2.847879999999999967e+01 2.865858000000000061e+01 2.881840000000000046e+01 2.906111999999999895e+01 2.916218999999999895e+01 2.923620000000000019e+01 2.930351999999999890e+01 2.936248000000000147e+01 2.947887000000000057e+01 2.957175000000000153e+01 2.971586999999999890e+01 2.973412000000000077e+01 2.979627999999999943e+01 2.987004999999999910e+01 2.991207999999999956e+01 2.993868000000000151e+01 2.996459000000000117e+01 2.997747000000000028e+01
1.454457000000000022e+01 2.709181999999999846e+01 2.803632999999999953e+01 2.854473000000000127e+01 2.865534999999999854e+01 2.893271000000000015e+01 2.908429999999999893e+01 2.920899999999999963e+01 2.924275000000000091e+01 2.931660000000000110e+01 2.943064999999999998e+01 2.944412000000000162e+01 2.946293000000000006e+01 2.954983000000000004e+01 2.959234999999999971e+01 2.973291000000000039e+01 2.983229000000000042e+01 2.984750000000000014e+01 2.985987000000000080e+01 2.987205000000000155e+01 2.988642000000000110e+01
1.379106999999999950e+01 2.640834999999999866e+01 2.786184000000000083e+01 2.863400000000000034e+01 2.898858999999999853e+01 2.917633000000000010e+01 2.923849999999999838e+01 2.937808000000000064e+01 2.945936999999999983e+01 2.949930000000000163e+01 2.953412000000000148e+01 2.955563000000000073e+01 2.956711999999999918e+01 2.958368000000000109e+01 2.959898000000000096e+01 2.960285000000000011e+01 2.963556000000000168e+01 2.969002000000000052e+01 2.970102999999999938e+01 2.970820000000000149e+01 2.973735999999999891e+01
1.344905999999999935e+01 2.690516999999999825e+01 2.790331000000000117e+01 2.820362000000000080e+01 2.840136000000000038e+01 2.870502000000000109e+01 2.883547000000000082e+01 2.904113999999999862e+01 2.933577000000000012e+01 2.942146999999999935e+01 2.948132999999999981e+01 2.953941000000000017e+01 2.956700999999999979e+01 2.964359999999999928e+01 2.968225999999999942e+01 2.972266000000000119e+01 2.973338000000000036e+01 2.978046000000000149e+01 2.980848999999999904e+01 2.981969000000000136e+01 2.984133999999999887e+01
1.399834000000000067e+01 2.732104999999999961e+01 2.844147999999999854e+01 2.884413999999999945e+01 2.910409999999999897e+01 2.924977000000000160e+01 2.932472999999999885e+01 2.936775000000000091e+01 2.942053999999999903e+01 2.949778999999999840e+01 2.952255999999999858e+01 2.955210999999999899e+01 2.966508999999999929e+01 2.968562999999999974e+01 2.972106000000000137e+01 2.972926999999999964e+01 2.974598999999999904e+01 2.980161000000000016e+01 2.982411000000000101e+01 2.983053999999999917e+01 2.985830999999999946e+01
1.437221000000000082e+01 2.667417000000000016e+01 2.801017999999999830e+01 2.857007000000000119e+01 2.889545999999999992e+01 2.902224000000000004e+01 2.915354999999999919e+01 2.927327000000000012e+01 2.933273000000000152e+01 2.942219000000000051e+01 2.944960999999999984e+01 2.949814999999999898e+01 2.956981000000000037e+01 2.964369999999999905e+01 2.966683000000000092e+01 2.972475000000000023e+01 2.978372999999999848e+01 2.980185000000000173e+01 2.982384000000000057e+01 2.986411999999999978e+01 2.987593999999999994e+01
1.455560000000000009e+01 2.664837999999999951e+01 2.794106000000000023e+01 2.851773000000000025e+01 2.906721999999999895e+01 2.929146000000000072e+01 2.945411999999999964e+01 2.955134999999999934e+01 2.957885999999999882e+01 2.959230000000000160e+01 2.965752000000000166e+01 2.968174000000000134e+01 2.969131000000000142e+01 2.969557999999999964e+01 2.970460999999999885e+01 2.970826999999999884e+01 2.972186999999999912e+01 2.972833999999999932e+01 2.973851000000000155e+01 2.975619000000000014e+01 2.975744999999999862e+01
1.412449999999999939e+01 2.715396000000000143e+01 2.838864999999999839e+01 2.880871000000000137e+01 2.914950999999999937e+01 2.934665999999999997e+01 2.946274000000000015e+01 2.955087999999999937e+01 2.960425000000000040e+01 2.972424000000000177e+01 2.977541000000000082e+01 2.980066000000000059e+01 2.981788999999999845e+01 2.983772000000000091e+01 2.987095000000000056e+01 2.990077000000000140e+01 2.992882000000000176e+01 2.998413000000000039e+01 2.999199000000000126e+01 3.003568999999999889e+01 3.004682999999999993e+01
1.379264000000000046e+01 2.702056999999999931e+01 2.795632000000000161e+01 2.860972999999999900e+01 2.878516000000000119e+01 2.908598999999999890e+01 2.916548999999999836e+01 2.929026999999999958e+01 2.942783999999999978e+01 2.944868999999999915e+01 2.946765999999999863e+01 2.950193000000000154e+01 2.952308000000000021e+01 2.957897000000000176e+01 2.960061999999999927e+01 2.964746999999999844e+01 2.969253000000000142e+01 2.974651000000000067e+01 2.975360999999999834e+01 2.979013000000000133e+01 2.980408999999999864e+01
1.517404999999999937e+01 2.668503000000000114e+01 2.816972000000000165e+01 2.881691999999999965e+01 2.903322000000000003e+01 2.930287999999999826e+01 2.936830000000000140e+01 2.954508999999999830e+01 2.957971999999999824e+01 2.962081999999999837e+01 2.964536999999999978e+01 2.966675000000000040e+01 2.968230000000000146e+01 2.977706999999999837e+01 2.977783000000000158e+01 2.981286000000000058e+01 2.985887999999999920e+01 2.989566999999999908e+01 2.993236999999999881e+01 2.994354999999999833e+01 2.999706000000000117e+01
1.455836000000000041e+01 2.692567000000000021e+01 2.812792999999999921e+01 2.847905000000000086e+01 2.872901999999999845e+01 2.897522999999999982e+01 2.913485000000000014e+01 2.924305999999999983e+01 2.933352999999999966e+01 2.939025000000000176e+01 2.942621000000000109e+01 2.947917999999999950e+01 2.950713000000000008e+01 2.954578000000000060e+01 2.956272999999999840e+01 2.962982999999999834e+01 2.964107999999999876e+01 2.966666999999999987e+01 2.968093999999999966e+01 2.970917000000000030e+01 2.979365999999999914e+01
1.452683999999999997e+01 2.657778000000000063e+01 2.770880999999999972e+01 2.824090999999999951e+01 2.869813999999999865e+01 2.881909999999999883e+01 2.892798000000000158e+01 2.911953000000000102e+01 2.916236999999999924e+01 2.927386999999999873e+01 2.942467999999999861e+01 2.948075000000000045e+01 2.952623000000000175e+01 2.955103000000000080e+01 2.957955000000000112e+01 2.959684999999999988e+01 2.962077999999999989e+01 2.964030999999999949e+01 2.965446999999999989e+01 2.966292999999999935e+01 2.967905000000000015e+01
1.274642000000000053e+01 2.697953000000000046e+01 2.826979000000000042e+01 2.860424000000000078e+01 2.904890999999999934e+01 2.915189000000000163e+01 2.927192000000000149e+01 2.933173000000000030e+01 2.939666000000000068e+01 2.942610000000000170e+01 2.947384999999999877e+01 2.954633000000000109e+01 2.960416000000000025e+01 2.965907999999999944e+01 2.967317999999999856e+01 2.970296000000000092e+01 2.971289000000000158e+01 2.972137999999999991e+01 2.974971000000000032e+01 2.975613999999999848e+01 2.977608999999999995e+01
1.665248000000000062e+01 2.619866000000000028e+01 2.763886000000000109e+01 2.809551000000000087e+01 2.840354999999999919e+01 2.858996000000000137e+01 2.874467999999999890e+01 2.881044999999999945e+01 2.902656999999999954e+01 2.910005999999999915e+01 2.914532000000000167e+01 2.924763000000000090e+01 2.933155000000000001e+01 2.945349999999999824e+01 2.947425000000000139e+01 2.955407999999999902e+01 2.958053999999999917e+01 2.959527999999999892e+01 2.960942999999999969e+01 2.961879000000000062e+01 2.962189000000000050e+01
1.319286999999999921e+01 2.682754999999999868e+01 2.800828999999999880e+01 2.827300999999999931e+01 2.853803999999999874e+01 2.871359999999999957e+01 2.882582999999999984e+01 2.889358999999999966e+01 2.894675000000000153e+01 2.904766000000000048e+01 2.909356999999999971e+01 2.917659000000000091e+01 2.921242000000000161e+01 2.923407999999999873e+01 2.934490999999999872e+01 2.935667000000000115e+01 2.941195000000000093e+01 2.942905999999999977e+01 2.944422000000000139e+01 2.946338000000000079e+01 2.947539000000000087e+01
1.345850000000000080e+01 2.686267000000000138e+01 2.802665000000000006e+01 2.849111999999999867e+01 2.859868000000000166e+01 2.869725999999999999e+01 2.899099000000000004e+01 2.918374999999999986e+01 2.928986000000000089e+01 2.938155000000000072e+01 2.939983000000000146e+01 2.944003999999999976e+01 2.945756000000000085e+01 2.948377999999999943e+01 2.950118000000000151e+01 2.956137000000000015e+01 2.958397000000000077e+01 2.960294000000000025e+01 2.963187999999999889e+01 2.964485000000000170e+01 2.966180999999999912e+01
1.543637999999999977e+01 2.686186000000000007e+01 2.846170000000000044e+01 2.883978000000000108e+01 2.901447999999999894e+01 2.915501000000000076e+01 2.927861000000000047e+01 2.940662000000000020e+01 2.950603999999999871e+01 2.958029000000000153e+01 2.969052999999999898e+01 2.974384999999999835e+01 2.976160000000000139e+01 2.979339999999999833e+01 2.982272000000000034e+01 2.982905999999999835e+01 2.983284000000000091e+01 2.984197999999999951e+01 2.986293999999999826e+01 2.987263000000000090e+01 2.988833999999999946e+01
1.390530000000000044e+01 2.653284999999999982e+01 2.860221999999999909e+01 2.889877999999999858e+01 2.907805000000000106e+01 2.911806999999999945e+01 2.930818999999999974e+01 2.937087999999999965e+01 2.942690999999999946e+01 2.955587999999999838e+01 2.961371000000000109e+01 2.967220000000000013e+01 2.981673999999999936e+01 2.986000999999999905e+01 2.987602000000000046e+01 2.990465999999999980e+01 2.991142999999999930e+01 2.991804000000000130e+01 2.993029999999999902e+01 2.993925000000000125e+01 2.999189000000000149e+01
